-9.284000000e-007,1.015625e-005
-9.282000000e-007,0.0002984375
-9.280000000e-007,-2.578125e-005
-9.278000000e-007,-0.0001
-9.276000000e-007,-0.00010078125
-9.274000000e-007,-0.0001
-9.272000000e-007,-0.00020234375
-9.270000000e-007,-0.0002015625
-9.268000000e-007,0.00022421875
-9.266000000e-007,0.00039765625
-9.264000000e-007,0.00070625
-9.262000000e-007,0.0005296875
-9.260000000e-007,9.84375e-005
-9.258000000e-007,0.00019609375
-9.256000000e-007,0.00020078125
-9.254000000e-007,0.00039296875
-9.252000000e-007,0.0004984375
-9.250000000e-007,0.000321875
-9.248000000e-007,0.0001984375
-9.246000000e-007,0.0003109375
-9.244000000e-007,2.265625e-005
-9.242000000e-007,-9.765625e-005
-9.240000000e-007,-0.00018671875
-9.238000000e-007,-0.00029609375
-9.236000000e-007,-0.0002140625
-9.234000000e-007,7.8125e-005
-9.232000000e-007,3.4375e-005
-9.230000000e-007,-0.0002796875
-9.228000000e-007,-0.00022109375
-9.226000000e-007,-8.90625e-005
-9.224000000e-007,-0.00019921875
-9.222000000e-007,-0.00010390625
-9.220000000e-007,-0.0001125
-9.218000000e-007,0.0002703125
-9.216000000e-007,0.00028671875
-9.214000000e-007,0.0007796875
-9.212000000e-007,0.0004984375
-9.210000000e-007,0.00041640625
-9.208000000e-007,8.59375e-005
-9.206000000e-007,-1.25e-005
-9.204000000e-007,9.609375e-005
-9.202000000e-007,-0.0001875
-9.200000000e-007,-0.00018359375
-9.198000000e-007,0.00019453125
-9.196000000e-007,0.0001875
-9.194000000e-007,0.000103125
-9.192000000e-007,-7.03125e-006
-9.190000000e-007,-9.84375e-005
-9.188000000e-007,-0.0001765625
-9.186000000e-007,0.000196875
-9.184000000e-007,0.0002203125
-9.182000000e-007,0.00039375
-9.180000000e-007,7.34375e-005
-9.178000000e-007,9.140625e-005
-9.176000000e-007,-7.5e-005
-9.174000000e-007,0.00031328125
-9.172000000e-007,0.0001765625
-9.170000000e-007,0.0002078125
-9.168000000e-007,0.0001625
-9.166000000e-007,-0.0001390625
-9.164000000e-007,-0.00030546875
-9.162000000e-007,-0.00017421875
-9.160000000e-007,-9.296875e-005
-9.158000000e-007,-0.0001015625
-9.156000000e-007,-0.00010703125
-9.154000000e-007,-0.00023046875
-9.152000000e-007,-0.00044140625
-9.150000000e-007,-0.000353125
-9.148000000e-007,-3.59375e-005
-9.146000000e-007,-0.00013984375
-9.144000000e-007,-0.00028203125
-9.142000000e-007,-0.0002171875
-9.140000000e-007,-0.0002140625
-9.138000000e-007,0.0004140625
-9.136000000e-007,0.00032421875
-9.134000000e-007,0.00059453125
-9.132000000e-007,4.6875e-005
-9.130000000e-007,7.8125e-007
-9.128000000e-007,-0.00021015625
-9.126000000e-007,-3.125e-006
-9.124000000e-007,-1.5625e-006
-9.122000000e-007,-8.28125e-005
-9.120000000e-007,-0.00040859375
-9.118000000e-007,-0.00011015625
-9.116000000e-007,0.000103125
-9.114000000e-007,0.00021171875
-9.112000000e-007,9.6875e-005
-9.110000000e-007,0.00029609375
-9.108000000e-007,0.00011484375
-9.106000000e-007,0.00010859375
-9.104000000e-007,-8.046875e-005
-9.102000000e-007,-0.000125
-9.100000000e-007,-8.90625e-005
-9.098000000e-007,-0.00013046875
-9.096000000e-007,0.00010390625
-9.094000000e-007,0.00047109375
-9.092000000e-007,0.00042578125
-9.090000000e-007,0.0003734375
-9.088000000e-007,-0.000125
-9.086000000e-007,-0.00026953125
-9.084000000e-007,6.015625e-005
-9.082000000e-007,0.000209375
-9.080000000e-007,0.00010390625
-9.078000000e-007,0.0001796875
-9.076000000e-007,0.0002953125
-9.074000000e-007,0.00032109375
-9.072000000e-007,1.171875e-005
-9.070000000e-007,-1.796875e-005
-9.068000000e-007,0.0001984375
-9.066000000e-007,0.0001
-9.064000000e-007,0.00019921875
-9.062000000e-007,1.5625e-006
-9.060000000e-007,0.0002015625
-9.058000000e-007,0.000203125
-9.056000000e-007,0.0001
-9.054000000e-007,0.00019921875
-9.052000000e-007,0.00019609375
-9.050000000e-007,-7.03125e-006
-9.048000000e-007,-0.00030234375
-9.046000000e-007,-9.6875e-005
-9.044000000e-007,2.1875e-005
-9.042000000e-007,0.00029921875
-9.040000000e-007,6.09375e-005
-9.038000000e-007,-1.171875e-005
-9.036000000e-007,-0.000259375
-9.034000000e-007,-0.0003890625
-9.032000000e-007,-0.0001421875
-9.030000000e-007,1.71875e-005
-9.028000000e-007,0.00025625
-9.026000000e-007,0.0001484375
-9.024000000e-007,-0.00052421875
-9.022000000e-007,-0.00068828125
-9.020000000e-007,-0.00060625
-9.018000000e-007,-0.00070078125
-9.016000000e-007,-0.000565625
-9.014000000e-007,-0.00037734375
-9.012000000e-007,-3.515625e-005
-9.010000000e-007,0.00031953125
-9.008000000e-007,0.00026484375
-9.006000000e-007,-0.0001046875
-9.004000000e-007,0.0001640625
-9.002000000e-007,0.000409375
-9.000000000e-007,0.0003984375
-8.998000000e-007,0.00039609375
-8.996000000e-007,0.00013984375
-8.994000000e-007,-0.00031015625
-8.992000000e-007,-0.0002390625
-8.990000000e-007,0.00020078125
-8.988000000e-007,-0.00012265625
-8.986000000e-007,-0.00020234375
-8.984000000e-007,-0.00050546875
-8.982000000e-007,-0.00030234375
-8.980000000e-007,-9.609375e-005
-8.978000000e-007,-7.03125e-006
-8.976000000e-007,0.0002
-8.974000000e-007,0.00029140625
-8.972000000e-007,0.00040390625
-8.970000000e-007,0.0001421875
-8.968000000e-007,6.25e-006
-8.966000000e-007,-9.921875e-005
-8.964000000e-007,-1.25e-005
-8.962000000e-007,-1.5625e-005
-8.960000000e-007,4.453125e-005
-8.958000000e-007,-0.00028203125
-8.956000000e-007,-0.0001171875
-8.954000000e-007,-0.00026484375
-8.952000000e-007,-0.0002265625
-8.950000000e-007,-2.578125e-005
-8.948000000e-007,1.796875e-005
-8.946000000e-007,-0.000346875
-8.944000000e-007,-0.0006703125
-8.942000000e-007,-0.0009046875
-8.940000000e-007,-0.00070859375
-8.938000000e-007,-0.00063828125
-8.936000000e-007,-0.0001171875
-8.934000000e-007,8.671875e-005
-8.932000000e-007,0.00038359375
-8.930000000e-007,0.0004421875
-8.928000000e-007,1.796875e-005
-8.926000000e-007,-8.59375e-006
-8.924000000e-007,-2.22346149e-020
-8.922000000e-007,-8.59375e-006
-8.920000000e-007,0.000284375
-8.918000000e-007,0.0005953125
-8.916000000e-007,0.00038515625
-8.914000000e-007,9.765625e-005
-8.912000000e-007,0.00030390625
-8.910000000e-007,0.00011484375
-8.908000000e-007,-1.5625e-006
-8.906000000e-007,-0.00029375
-8.904000000e-007,-0.00049765625
-8.902000000e-007,-0.000190625
-8.900000000e-007,0.0001078125
-8.898000000e-007,-2.34375e-006
-8.896000000e-007,-0.0002
-8.894000000e-007,-0.00020234375
-8.892000000e-007,-0.0003921875
-8.890000000e-007,5.46875e-006
-8.888000000e-007,-7.8125e-007
-8.886000000e-007,0.00020859375
-8.884000000e-007,0.00018359375
-8.882000000e-007,-0.000109375
-8.880000000e-007,-0.00031328125
-8.878000000e-007,-0.00039921875
-8.876000000e-007,-0.00029296875
-8.874000000e-007,9.765625e-005
-8.872000000e-007,0.00031796875
-8.870000000e-007,0.0005
-8.868000000e-007,0.00029296875
-8.866000000e-007,0.00020703125
-8.864000000e-007,-1.5625e-006
-8.862000000e-007,-0.00019609375
-8.860000000e-007,-0.00020078125
-8.858000000e-007,-0.0002
-8.856000000e-007,-9.375e-005
-8.854000000e-007,-6.953125e-005
-8.852000000e-007,-0.00049453125
-8.850000000e-007,-0.00040859375
-8.848000000e-007,-0.00041171875
-8.846000000e-007,-0.00011484375
-8.844000000e-007,-0.00027421875
-8.842000000e-007,-0.00024453125
-8.840000000e-007,0.00019453125
-8.838000000e-007,8.59375e-006
-8.836000000e-007,0.00018828125
-8.834000000e-007,1.875e-005
-8.832000000e-007,9.375e-005
-8.830000000e-007,-6.015625e-005
-8.828000000e-007,-0.00019140625
-8.826000000e-007,-0.000275
-8.824000000e-007,-0.00031171875
-8.822000000e-007,-1.640625e-005
-8.820000000e-007,-9.765625e-005
-8.818000000e-007,7.8125e-005
-8.816000000e-007,-1.5625e-006
-8.814000000e-007,-0.0001703125
-8.812000000e-007,-0.00040546875
-8.810000000e-007,-0.0003203125
-8.808000000e-007,-0.0002078125
-8.806000000e-007,-0.0005
-8.804000000e-007,-0.0001765625
-8.802000000e-007,-2.22346149e-020
-8.800000000e-007,-0.00011953125
-8.798000000e-007,-0.00020390625
-8.796000000e-007,-0.00022734375
-8.794000000e-007,-0.0005
-8.792000000e-007,-5.46875e-005
-8.790000000e-007,9.765625e-005
-8.788000000e-007,0.0002078125
-8.786000000e-007,-2.109375e-005
-8.784000000e-007,-0.00028046875
-8.782000000e-007,-0.0001140625
-8.780000000e-007,-0.00066171875
-8.778000000e-007,-0.000365625
-8.776000000e-007,-7.34375e-005
-8.774000000e-007,-0.000125
-8.772000000e-007,-0.00027265625
-8.770000000e-007,-0.00011875
-8.768000000e-007,-0.0004484375
-8.766000000e-007,-0.0002546875
-8.764000000e-007,-6.71875e-005
-8.762000000e-007,-0.0001375
-8.760000000e-007,-0.0003265625
-8.758000000e-007,-0.00029609375
-8.756000000e-007,-0.00029609375
-8.754000000e-007,-2.5e-005
-8.752000000e-007,0.00015
-8.750000000e-007,-0.00021328125
-8.748000000e-007,9.609375e-005
-8.746000000e-007,0.00018828125
-8.744000000e-007,0.00012890625
-8.742000000e-007,0.0004078125
-8.740000000e-007,0.00025
-8.738000000e-007,9.609375e-005
-8.736000000e-007,1.5625e-006
-8.734000000e-007,9.921875e-005
-8.732000000e-007,9.765625e-005
-8.730000000e-007,0.00019453125
-8.728000000e-007,0.00027578125
-8.726000000e-007,8.515625e-005
-8.724000000e-007,0.00051484375
-8.722000000e-007,0.00020703125
-8.720000000e-007,0.00030234375
-8.718000000e-007,0.00022109375
-8.716000000e-007,2.34375e-005
-8.714000000e-007,-0.00037734375
-8.712000000e-007,-0.0002328125
-8.710000000e-007,1.71875e-005
-8.708000000e-007,-0.00018671875
-8.706000000e-007,-7.890625e-005
-8.704000000e-007,0.00010390625
-8.702000000e-007,2.734375e-005
-8.700000000e-007,4.140625e-005
-8.698000000e-007,0.00035625
-8.696000000e-007,0.00032734375
-8.694000000e-007,0.00032265625
-8.692000000e-007,5.3125e-005
-8.690000000e-007,-0.00012109375
-8.688000000e-007,5.78125e-005
-8.686000000e-007,0.00030234375
-8.684000000e-007,0.00011640625
-8.682000000e-007,1.953125e-005
-8.680000000e-007,-0.0001953125
-8.678000000e-007,-0.00011796875
-8.676000000e-007,-5.46875e-006
-8.674000000e-007,0.0001
-8.672000000e-007,9.765625e-005
-8.670000000e-007,0.0002984375
-8.668000000e-007,9.53125e-005
-8.666000000e-007,1.5625e-006
-8.664000000e-007,0.000103125
-8.662000000e-007,0.0004
-8.660000000e-007,8.515625e-005
-8.658000000e-007,-9.921875e-005
-8.656000000e-007,-0.00011640625
-8.654000000e-007,-0.00060390625
-8.652000000e-007,-0.0004953125
-8.650000000e-007,-0.00059921875
-8.648000000e-007,-0.00039453125
-8.646000000e-007,-0.0003859375
-8.644000000e-007,-5.9375e-005
-8.642000000e-007,-0.00012109375
-8.640000000e-007,-0.000190625
-8.638000000e-007,-9.84375e-005
-8.636000000e-007,-7.8125e-005
-8.634000000e-007,-9.375e-006
-8.632000000e-007,-0.00026015625
-8.630000000e-007,-0.00028203125
-8.628000000e-007,-0.00023515625
-8.626000000e-007,-0.00038125
-8.624000000e-007,-3.90625e-005
-8.622000000e-007,-0.000121875
-8.620000000e-007,-0.00018671875
-8.618000000e-007,2.03125e-005
-8.616000000e-007,8.125e-005
-8.614000000e-007,7.8125e-006
-8.612000000e-007,0.00020859375
-8.610000000e-007,0.0002046875
-8.608000000e-007,0.00028984375
-8.606000000e-007,0.00021328125
-8.604000000e-007,0.0004078125
-8.602000000e-007,7.890625e-005
-8.600000000e-007,-8.28125e-005
-8.598000000e-007,-7.03125e-006
-8.596000000e-007,-0.00016640625
-8.594000000e-007,0.00030234375
-8.592000000e-007,-0.00013984375
-8.590000000e-007,-0.0001984375
-8.588000000e-007,-0.00020546875
-8.586000000e-007,-0.0003
-8.584000000e-007,-0.00019765625
-8.582000000e-007,-0.00020390625
-8.580000000e-007,0.0001
-8.578000000e-007,0.00038828125
-8.576000000e-007,0.00032109375
-8.574000000e-007,-0.00020546875
-8.572000000e-007,0.000178125
-8.570000000e-007,-4.296875e-005
-8.568000000e-007,9.84375e-005
-8.566000000e-007,0.00047734375
-8.564000000e-007,-0.00010546875
-8.562000000e-007,-0.0001296875
-8.560000000e-007,-0.000103125
-8.558000000e-007,0.00014453125
-8.556000000e-007,0.00037734375
-8.554000000e-007,0.00058515625
-8.552000000e-007,0.00043828125
-8.550000000e-007,-0.00011171875
-8.548000000e-007,-0.000596875
-8.546000000e-007,-0.00040859375
-8.544000000e-007,-0.00058828125
-8.542000000e-007,-0.0005203125
-8.540000000e-007,-0.00040703125
-8.538000000e-007,-0.00013125
-8.536000000e-007,9.6875e-005
-8.534000000e-007,8.984375e-005
-8.532000000e-007,0.0002046875
-8.530000000e-007,1.015625e-005
-8.528000000e-007,9.921875e-005
-8.526000000e-007,2.8125e-005
-8.524000000e-007,-0.000490625
-8.522000000e-007,-0.0004078125
-8.520000000e-007,-0.00050859375
-8.518000000e-007,-0.00060625
-8.516000000e-007,-0.00039609375
-8.514000000e-007,-0.00032578125
-8.512000000e-007,0.00020078125
-8.510000000e-007,4.6875e-006
-8.508000000e-007,-0.00010703125
-8.506000000e-007,-0.00019609375
-8.504000000e-007,0.0001171875
-8.502000000e-007,9.921875e-005
-8.500000000e-007,-3.125e-006
-8.498000000e-007,-0.0002046875
-8.496000000e-007,-0.00050078125
-8.494000000e-007,-0.0002984375
-8.492000000e-007,-0.0003984375
-8.490000000e-007,-0.000196875
-8.488000000e-007,-0.00017890625
-8.486000000e-007,0.0002046875
-8.484000000e-007,9.453125e-005
-8.482000000e-007,0.0002
-8.480000000e-007,-0.00010625
-8.478000000e-007,-0.00020078125
-8.476000000e-007,3.28125e-005
-8.474000000e-007,0.0004984375
-8.472000000e-007,0.00028671875
-8.470000000e-007,9.6875e-005
-8.468000000e-007,9.84375e-005
-8.466000000e-007,-0.0001953125
-8.464000000e-007,-9.6875e-005
-8.462000000e-007,-0.00010234375
-8.460000000e-007,0.000215625
-8.458000000e-007,0.0005109375
-8.456000000e-007,0.00020703125
-8.454000000e-007,4.53125e-005
-8.452000000e-007,-0.00040234375
-8.450000000e-007,6.09375e-005
-8.448000000e-007,9.609375e-005
-8.446000000e-007,0.0002984375
-8.444000000e-007,1.71875e-005
-8.442000000e-007,-9.375e-006
-8.440000000e-007,-3.90625e-006
-8.438000000e-007,9.921875e-005
-8.436000000e-007,8.125e-005
-8.434000000e-007,0.00039453125
-8.432000000e-007,7.421875e-005
-8.430000000e-007,-0.0001
-8.428000000e-007,-0.00010390625
-8.426000000e-007,1.015625e-005
-8.424000000e-007,-0.00018984375
-8.422000000e-007,-0.000140625
-8.420000000e-007,-2.22346149e-020
-8.418000000e-007,-8.515625e-005
-8.416000000e-007,-9.609375e-005
-8.414000000e-007,9.375e-006
-8.412000000e-007,-0.00020234375
-8.410000000e-007,-9.6875e-005
-8.408000000e-007,-0.00018671875
-8.406000000e-007,0.00029765625
-8.404000000e-007,-4.375e-005
-8.402000000e-007,-0.00019453125
-8.400000000e-007,-0.00054296875
-8.398000000e-007,-0.0007015625
-8.396000000e-007,-0.00025546875
-8.394000000e-007,-0.00010078125
-8.392000000e-007,4.140625e-005
-8.390000000e-007,0.0003046875
-8.388000000e-007,0.000159375
-8.386000000e-007,-2.34375e-006
-8.384000000e-007,2.34375e-006
-8.382000000e-007,0.00012265625
-8.380000000e-007,0.0004234375
-8.378000000e-007,0.00039140625
-8.376000000e-007,0.00043359375
-8.374000000e-007,0.0002203125
-8.372000000e-007,-0.00032265625
-8.370000000e-007,2.578125e-005
-8.368000000e-007,-0.00015390625
-8.366000000e-007,-0.000359375
-8.364000000e-007,-0.0006125
-8.362000000e-007,-0.0005
-8.360000000e-007,-0.0004390625
-8.358000000e-007,-6.328125e-005
-8.356000000e-007,4.0625e-005
-8.354000000e-007,6.484375e-005
-8.352000000e-007,-0.00022265625
-8.350000000e-007,-9.765625e-005
-8.348000000e-007,-6.71875e-005
-8.346000000e-007,0.00021328125
-8.344000000e-007,0.00019296875
-8.342000000e-007,0.000303125
-8.340000000e-007,0.00027109375
-8.338000000e-007,-0.00019375
-8.336000000e-007,-0.00047421875
-8.334000000e-007,-7.03125e-006
-8.332000000e-007,0.00013515625
-8.330000000e-007,0.0005046875
-8.328000000e-007,5.859375e-005
-8.326000000e-007,-3.90625e-006
-8.324000000e-007,-3.125e-006
-8.322000000e-007,-0.00017109375
-8.320000000e-007,-0.000303125
-8.318000000e-007,-0.0002078125
-8.316000000e-007,-0.00020390625
-8.314000000e-007,-3.984375e-005
-8.312000000e-007,1.640625e-005
-8.310000000e-007,-0.0002484375
-8.308000000e-007,-0.00025234375
-8.306000000e-007,6.015625e-005
-8.304000000e-007,8.90625e-005
-8.302000000e-007,0.00033125
-8.300000000e-007,0.0006703125
-8.298000000e-007,0.0001578125
-8.296000000e-007,-0.00019453125
-8.294000000e-007,-0.00026640625
-8.292000000e-007,-0.00032890625
-8.290000000e-007,-1.5625e-005
-8.288000000e-007,-0.00018515625
-8.286000000e-007,-0.00018359375
-8.284000000e-007,-0.000490625
-8.282000000e-007,-0.00049921875
-8.280000000e-007,-0.00060078125
-8.278000000e-007,-0.0003375
-8.276000000e-007,-7.8125e-007
-8.274000000e-007,-0.00010625
-8.272000000e-007,0.00019921875
-8.270000000e-007,-0.000278125
-8.268000000e-007,-0.00019921875
-8.266000000e-007,-0.00030078125
-8.264000000e-007,8.59375e-006
-8.262000000e-007,9.921875e-005
-8.260000000e-007,8.828125e-005
-8.258000000e-007,-0.0002015625
-8.256000000e-007,-0.00010625
-8.254000000e-007,-0.00029921875
-8.252000000e-007,-9.84375e-005
-8.250000000e-007,-0.00019140625
-8.248000000e-007,0.00015078125
-8.246000000e-007,0.0001953125
-8.244000000e-007,4.0625e-005
-8.242000000e-007,-0.000321875
-8.240000000e-007,-0.0002421875
-8.238000000e-007,-0.0002359375
-8.236000000e-007,-0.00048046875
-8.234000000e-007,-0.00020234375
-8.232000000e-007,-0.00025234375
-8.230000000e-007,0.0002390625
-8.228000000e-007,0.0001671875
-8.226000000e-007,8.671875e-005
-8.224000000e-007,7.8125e-007
-8.222000000e-007,-1.5625e-005
-8.220000000e-007,-0.0002140625
-8.218000000e-007,-0.00020625
-8.216000000e-007,-0.00042265625
-8.214000000e-007,-0.00037890625
-8.212000000e-007,-9.53125e-005
-8.210000000e-007,-0.0001859375
-8.208000000e-007,0.00014921875
-8.206000000e-007,-1.640625e-005
-8.204000000e-007,-0.000190625
-8.202000000e-007,3.125e-006
-8.200000000e-007,1.25e-005
-8.198000000e-007,0.000315625
-8.196000000e-007,0.00050234375
-8.194000000e-007,0.00029609375
-8.192000000e-007,-0.000115625
-8.190000000e-007,-0.00029921875
-8.188000000e-007,-0.00039375
-8.186000000e-007,-0.00010703125
-8.184000000e-007,-0.0001
-8.182000000e-007,8.515625e-005
-8.180000000e-007,0.00029453125
-8.178000000e-007,0.00032421875
-8.176000000e-007,0.0001140625
-8.174000000e-007,6.953125e-005
-8.172000000e-007,0.00026484375
-8.170000000e-007,0.00034609375
-8.168000000e-007,0.00011484375
-8.166000000e-007,0.0001890625
-8.164000000e-007,3.671875e-005
-8.162000000e-007,-0.00020234375
-8.160000000e-007,-2.890625e-005
-8.158000000e-007,0.00010859375
-8.156000000e-007,4.6875e-006
-8.154000000e-007,8.59375e-006
-8.152000000e-007,-0.0001796875
-8.150000000e-007,-0.00029453125
-8.148000000e-007,-0.00038984375
-8.146000000e-007,-0.00043828125
-8.144000000e-007,8.28125e-005
-8.142000000e-007,0.0003796875
-8.140000000e-007,0.000509375
-8.138000000e-007,5.390625e-005
-8.136000000e-007,-0.00010703125
-8.134000000e-007,-2.22346149e-020
-8.132000000e-007,-7.8125e-007
-8.130000000e-007,0.00019765625
-8.128000000e-007,8.59375e-006
-8.126000000e-007,-1.25e-005
-8.124000000e-007,0.00020078125
-8.122000000e-007,9.765625e-005
-8.120000000e-007,0.0003078125
-8.118000000e-007,0.00029921875
-8.116000000e-007,0.0002984375
-8.114000000e-007,3.125e-006
-8.112000000e-007,7.8125e-007
-8.110000000e-007,2.34375e-006
-8.108000000e-007,9.53125e-005
-8.106000000e-007,-0.00010078125
-8.104000000e-007,-0.00010078125
-8.102000000e-007,-0.0002015625
-8.100000000e-007,-0.0001953125
-8.098000000e-007,-9.6875e-005
-8.096000000e-007,5.46875e-006
-8.094000000e-007,0.00031640625
-8.092000000e-007,0.000490625
-8.090000000e-007,0.00019453125
-8.088000000e-007,0.0002046875
-8.086000000e-007,0.00010390625
-8.084000000e-007,1.5625e-006
-8.082000000e-007,0.0001984375
-8.080000000e-007,0.0002984375
-8.078000000e-007,0.00029921875
-8.076000000e-007,0.00039296875
-8.074000000e-007,-0.0001640625
-8.072000000e-007,-0.0004
-8.070000000e-007,-0.00020390625
-8.068000000e-007,-0.0001984375
-8.066000000e-007,-5.46875e-006
-8.064000000e-007,0.0001015625
-8.062000000e-007,3.203125e-005
-8.060000000e-007,-0.0003921875
-8.058000000e-007,-0.00047890625
-8.056000000e-007,-0.00070546875
-8.054000000e-007,-0.0003359375
-8.052000000e-007,-0.00029140625
-8.050000000e-007,-0.0002234375
-8.048000000e-007,-7.8125e-006
-8.046000000e-007,1.953125e-005
-8.044000000e-007,-0.0001109375
-8.042000000e-007,0.00016796875
-8.040000000e-007,0.00020234375
-8.038000000e-007,0.000228125
-8.036000000e-007,-0.000134375
-8.034000000e-007,-0.00036171875
-8.032000000e-007,-0.00058984375
-8.030000000e-007,-0.0005296875
-8.028000000e-007,-0.00031796875
-8.026000000e-007,5.859375e-005
-8.024000000e-007,9.921875e-005
-8.022000000e-007,1.484375e-005
-8.020000000e-007,-0.0002125
-8.018000000e-007,-0.0005015625
-8.016000000e-007,-0.00028984375
-8.014000000e-007,-0.00029296875
-8.012000000e-007,-0.0003984375
-8.010000000e-007,-0.00020625
-8.008000000e-007,0.000140625
-8.006000000e-007,0.00040078125
-8.004000000e-007,0.0001703125
-8.002000000e-007,-2.22346149e-020
-8.000000000e-007,-0.000125
-7.998000000e-007,-0.00020546875
-7.996000000e-007,0.00010546875
-7.994000000e-007,-9.84375e-005
-7.992000000e-007,0.00011171875
-7.990000000e-007,-0.00010703125
-7.988000000e-007,-9.0625e-005
-7.986000000e-007,-0.00010078125
-7.984000000e-007,-0.00010390625
-7.982000000e-007,-9.296875e-005
-7.980000000e-007,2.109375e-005
-7.978000000e-007,-1.40625e-005
-7.976000000e-007,7.96875e-005
-7.974000000e-007,0.00026953125
-7.972000000e-007,-2.5e-005
-7.970000000e-007,-5.546875e-005
-7.968000000e-007,-0.00045078125
-7.966000000e-007,-0.000278125
-7.964000000e-007,-0.000321875
-7.962000000e-007,-0.00041796875
-7.960000000e-007,-0.0005203125
-7.958000000e-007,-0.00034921875
-7.956000000e-007,-9.0625e-005
-7.954000000e-007,-0.000196875
-7.952000000e-007,4.296875e-005
-7.950000000e-007,9.609375e-005
-7.948000000e-007,0.00011484375
-7.946000000e-007,9.453125e-005
-7.944000000e-007,-0.00011328125
-7.942000000e-007,-2.34375e-006
-7.940000000e-007,-0.0001765625
-7.938000000e-007,-0.00060078125
-7.936000000e-007,-0.0002578125
-7.934000000e-007,-0.00019765625
-7.932000000e-007,-7.734375e-005
-7.930000000e-007,0.0001
-7.928000000e-007,-0.0001046875
-7.926000000e-007,-0.00028125
-7.924000000e-007,-0.0003140625
-7.922000000e-007,5.46875e-005
-7.920000000e-007,0.00020078125
-7.918000000e-007,0.0002015625
-7.916000000e-007,0.000121875
-7.914000000e-007,-0.0001625
-7.912000000e-007,-0.00013359375
-7.910000000e-007,3.4375e-005
-7.908000000e-007,0.000321875
-7.906000000e-007,0.00061015625
-7.904000000e-007,0.00081640625
-7.902000000e-007,0.00059375
-7.900000000e-007,0.00025546875
-7.898000000e-007,-0.000159375
-7.896000000e-007,-0.00011875
-7.894000000e-007,-0.000103125
-7.892000000e-007,-6.25e-006
-7.890000000e-007,-7.96875e-005
-7.888000000e-007,-0.000196875
-7.886000000e-007,-0.0002859375
-7.884000000e-007,-0.00048828125
-7.882000000e-007,-0.00070078125
-7.880000000e-007,-0.0005046875
-7.878000000e-007,-0.00021015625
-7.876000000e-007,2.34375e-006
-7.874000000e-007,-0.00010234375
-7.872000000e-007,-1.5625e-006
-7.870000000e-007,-0.000103125
-7.868000000e-007,0.0003109375
-7.866000000e-007,0.00030078125
-7.864000000e-007,0.00010234375
-7.862000000e-007,9.21875e-005
-7.860000000e-007,-0.00053515625
-7.858000000e-007,-0.0004953125
-7.856000000e-007,-0.0002734375
-7.854000000e-007,0.00011953125
-7.852000000e-007,0.00019375
-7.850000000e-007,7.8125e-005
-7.848000000e-007,2.03125e-005
-7.846000000e-007,0.00020859375
-7.844000000e-007,2.578125e-005
-7.842000000e-007,-8.203125e-005
-7.840000000e-007,0.0001015625
-7.838000000e-007,-0.00024140625
-7.836000000e-007,-0.0003875
-7.834000000e-007,-0.00030703125
-7.832000000e-007,-0.00039765625
-7.830000000e-007,-0.00017109375
-7.828000000e-007,3.359375e-005
-7.826000000e-007,8.59375e-005
-7.824000000e-007,-0.000128125
-7.822000000e-007,-0.00020859375
-7.820000000e-007,-0.000171875
-7.818000000e-007,0.0002109375
-7.816000000e-007,4.921875e-005
-7.814000000e-007,-9.140625e-005
-7.812000000e-007,0.00014609375
-7.810000000e-007,8.359375e-005
-7.808000000e-007,-7.96875e-005
-7.806000000e-007,9.375e-005
-7.804000000e-007,-0.00033359375
-7.802000000e-007,-0.00030234375
-7.800000000e-007,-0.0003921875
-7.798000000e-007,-9.921875e-005
-7.796000000e-007,-9.609375e-005
-7.794000000e-007,9.921875e-005
-7.792000000e-007,-1.5625e-006
-7.790000000e-007,1.171875e-005
-7.788000000e-007,-0.0002
-7.786000000e-007,0.0003796875
-7.784000000e-007,0.0002203125
-7.782000000e-007,-7.734375e-005
-7.780000000e-007,-0.00019296875
-7.778000000e-007,-0.00022734375
-7.776000000e-007,-2.96875e-005
-7.774000000e-007,6.640625e-005
-7.772000000e-007,0.0002671875
-7.770000000e-007,0.00030703125
-7.768000000e-007,0.00029921875
-7.766000000e-007,0.0002359375
-7.764000000e-007,8.28125e-005
-7.762000000e-007,0.00045703125
-7.760000000e-007,0.00042109375
-7.758000000e-007,0.00023359375
-7.756000000e-007,-8.125e-005
-7.754000000e-007,-0.000178125
-7.752000000e-007,-0.000484375
-7.750000000e-007,-0.0004359375
-7.748000000e-007,-0.00011171875
-7.746000000e-007,0.0001
-7.744000000e-007,9.140625e-005
-7.742000000e-007,0.00038515625
-7.740000000e-007,0.0003078125
-7.738000000e-007,0.0003046875
-7.736000000e-007,0.0002
-7.734000000e-007,0.00030625
-7.732000000e-007,9.375e-006
-7.730000000e-007,-3.125e-006
-7.728000000e-007,-0.00010703125
-7.726000000e-007,-0.00029453125
-7.724000000e-007,-0.0001796875
-7.722000000e-007,0.000290625
-7.720000000e-007,0.0002
-7.718000000e-007,0.0003
-7.716000000e-007,8.046875e-005
-7.714000000e-007,-0.0001015625
-7.712000000e-007,2.65625e-005
-7.710000000e-007,0.0004015625
-7.708000000e-007,0.00018828125
-7.706000000e-007,-0.000103125
-7.704000000e-007,-0.0001984375
-7.702000000e-007,-9.6875e-005
-7.700000000e-007,0.00011328125
-7.698000000e-007,0.0005015625
-7.696000000e-007,0.00017109375
-7.694000000e-007,-4.6875e-006
-7.692000000e-007,-9.6875e-005
-7.690000000e-007,7.8125e-007
-7.688000000e-007,-0.00020625
-7.686000000e-007,-0.0002015625
-7.684000000e-007,0.00010078125
-7.682000000e-007,-0.00019921875
-7.680000000e-007,-8.671875e-005
-7.678000000e-007,0.00028671875
-7.676000000e-007,0.00029921875
-7.674000000e-007,0.0001984375
-7.672000000e-007,0.00019375
-7.670000000e-007,-9.53125e-005
-7.668000000e-007,-0.00010234375
-7.666000000e-007,-0.0002921875
-7.664000000e-007,-0.00020390625
-7.662000000e-007,-0.00018984375
-7.660000000e-007,-0.00021328125
-7.658000000e-007,-7.03125e-006
-7.656000000e-007,5.859375e-005
-7.654000000e-007,0.00066953125
-7.652000000e-007,0.0005171875
-7.650000000e-007,0.00041953125
-7.648000000e-007,0.00011875
-7.646000000e-007,0.0001875
-7.644000000e-007,0.00011171875
-7.642000000e-007,0.000153125
-7.640000000e-007,0.00039609375
-7.638000000e-007,0.00023984375
-7.636000000e-007,0.0001921875
-7.634000000e-007,0.000234375
-7.632000000e-007,-8.4375e-005
-7.630000000e-007,-5.546875e-005
-7.628000000e-007,0.0002
-7.626000000e-007,0.0001328125
-7.624000000e-007,-0.000215625
-7.622000000e-007,-0.0005890625
-7.620000000e-007,-0.00059453125
-7.618000000e-007,-0.0004125
-7.616000000e-007,-8.203125e-005
-7.614000000e-007,9.921875e-005
-7.612000000e-007,-3.59375e-005
-7.610000000e-007,-0.000303125
-7.608000000e-007,-8.359375e-005
-7.606000000e-007,-0.000196875
-7.604000000e-007,-0.00016171875
-7.602000000e-007,0.00039140625
-7.600000000e-007,0.00060078125
-7.598000000e-007,0.0004921875
-7.596000000e-007,0.00025546875
-7.594000000e-007,0.00010078125
-7.592000000e-007,0.00021796875
-7.590000000e-007,0.0001953125
-7.588000000e-007,0.00035234375
-7.586000000e-007,0.00058984375
-7.584000000e-007,0.00040234375
-7.582000000e-007,0.00047109375
-7.580000000e-007,0.0001953125
-7.578000000e-007,0.000253125
-7.576000000e-007,-0.000140625
-7.574000000e-007,3.90625e-006
-7.572000000e-007,-0.00011484375
-7.570000000e-007,2.34375e-005
-7.568000000e-007,0.000115625
-7.566000000e-007,-6.484375e-005
-7.564000000e-007,-0.00028046875
-7.562000000e-007,1.796875e-005
-7.560000000e-007,-0.0001640625
-7.558000000e-007,-0.00018515625
-7.556000000e-007,1.171875e-005
-7.554000000e-007,-0.00010859375
-7.552000000e-007,9.84375e-005
-7.550000000e-007,0.00050234375
-7.548000000e-007,0.00038125
-7.546000000e-007,0.0003984375
-7.544000000e-007,0.00039140625
-7.542000000e-007,0.00020859375
-7.540000000e-007,-0.0001140625
-7.538000000e-007,-9.375e-005
-7.536000000e-007,-0.00030625
-7.534000000e-007,-0.00010546875
-7.532000000e-007,3.125e-006
-7.530000000e-007,0.00020390625
-7.528000000e-007,1.25e-005
-7.526000000e-007,4.6875e-006
-7.524000000e-007,-1.875e-005
-7.522000000e-007,0.0003171875
-7.520000000e-007,-7.421875e-005
-7.518000000e-007,0.00017578125
-7.516000000e-007,0.0003359375
-7.514000000e-007,0.00014453125
-7.512000000e-007,-2.890625e-005
-7.510000000e-007,-0.00032890625
-7.508000000e-007,-1.5625e-005
-7.506000000e-007,0.00012421875
-7.504000000e-007,9.53125e-005
-7.502000000e-007,9.6875e-005
-7.500000000e-007,0.00017578125
-7.498000000e-007,0.000309375
-7.496000000e-007,0.00011796875
-7.494000000e-007,1.09375e-005
-7.492000000e-007,-9.84375e-005
-7.490000000e-007,-8.984375e-005
-7.488000000e-007,-0.0002921875
-7.486000000e-007,-0.00030859375
-7.484000000e-007,-0.0002015625
-7.482000000e-007,-0.00010625
-7.480000000e-007,-3.125e-006
-7.478000000e-007,-0.00030234375
-7.476000000e-007,1.5625e-006
-7.474000000e-007,2.34375e-006
-7.472000000e-007,0.00010546875
-7.470000000e-007,0.0001015625
-7.468000000e-007,-0.00030625
-7.466000000e-007,-0.00019921875
-7.464000000e-007,-0.00041015625
-7.462000000e-007,-0.000190625
-7.460000000e-007,0.00012109375
-7.458000000e-007,0.0003078125
-7.456000000e-007,0.00042734375
-7.454000000e-007,0.0003515625
-7.452000000e-007,1.5625e-006
-7.450000000e-007,0.00044296875
-7.448000000e-007,0.000625
-7.446000000e-007,0.0007015625
-7.444000000e-007,0.0003609375
-7.442000000e-007,-0.000228125
-7.440000000e-007,-0.00016796875
-7.438000000e-007,-8.59375e-005
-7.436000000e-007,0.00019375
-7.434000000e-007,0.0003765625
-7.432000000e-007,-7.734375e-005
-7.430000000e-007,-0.00031875
-7.428000000e-007,-0.00037265625
-7.426000000e-007,3.203125e-005
-7.424000000e-007,0.00018984375
-7.422000000e-007,0.0001078125
-7.420000000e-007,0.0001515625
-7.418000000e-007,-0.00031875
-7.416000000e-007,-0.000190625
-7.414000000e-007,-0.00040703125
-7.412000000e-007,-0.00038671875
-7.410000000e-007,-0.000190625
-7.408000000e-007,0.0001140625
-7.406000000e-007,-6.25e-006
-7.404000000e-007,1.484375e-005
-7.402000000e-007,9.84375e-005
-7.400000000e-007,-0.00010390625
-7.398000000e-007,-9.921875e-005
-7.396000000e-007,-0.00040546875
-7.394000000e-007,-0.00020625
-7.392000000e-007,-0.0002
-7.390000000e-007,-8.28125e-005
-7.388000000e-007,-0.00059765625
-7.386000000e-007,-9.0625e-005
-7.384000000e-007,9.84375e-005
-7.382000000e-007,0.00026796875
-7.380000000e-007,0.0002984375
-7.378000000e-007,0.00028046875
-7.376000000e-007,-0.00015859375
-7.374000000e-007,-3.59375e-005
-7.372000000e-007,2.34375e-006
-7.370000000e-007,9.765625e-005
-7.368000000e-007,7.34375e-005
-7.366000000e-007,0.00054453125
-7.364000000e-007,0.000609375
-7.362000000e-007,0.0005984375
-7.360000000e-007,0.0004359375
-7.358000000e-007,0.000103125
-7.356000000e-007,0.0002046875
-7.354000000e-007,-8.203125e-005
-7.352000000e-007,8.90625e-005
-7.350000000e-007,0.00029765625
-7.348000000e-007,0.0002984375
-7.346000000e-007,0.00024609375
-7.344000000e-007,-0.00019140625
-7.342000000e-007,-1.015625e-005
-7.340000000e-007,-0.0001
-7.338000000e-007,8.59375e-005
-7.336000000e-007,0.00019609375
-7.334000000e-007,0.00021015625
-7.332000000e-007,-7.8125e-007
-7.330000000e-007,0.0002859375
-7.328000000e-007,0.00039453125
-7.326000000e-007,0.00029765625
-7.324000000e-007,0.00029765625
-7.322000000e-007,-0.00019375
-7.320000000e-007,-0.00030859375
-7.318000000e-007,-0.00050078125
-7.316000000e-007,-0.00038671875
-7.314000000e-007,-0.00019921875
-7.312000000e-007,-9.921875e-005
-7.310000000e-007,-0.0001
-7.308000000e-007,5.46875e-006
-7.306000000e-007,-7.8125e-007
-7.304000000e-007,-3.125e-006
-7.302000000e-007,-0.0001
-7.300000000e-007,-0.00011484375
-7.298000000e-007,-0.00029765625
-7.296000000e-007,3.4375e-005
-7.294000000e-007,0.00010234375
-7.292000000e-007,0.00010859375
-7.290000000e-007,0.00059765625
-7.288000000e-007,0.000596875
-7.286000000e-007,0.00060078125
-7.284000000e-007,0.000390625
-7.282000000e-007,0.00011640625
-7.280000000e-007,-0.0001015625
-7.278000000e-007,-0.0002
-7.276000000e-007,-9.53125e-005
-7.274000000e-007,9.453125e-005
-7.272000000e-007,0.0001984375
-7.270000000e-007,2.34375e-005
-7.268000000e-007,-0.00019609375
-7.266000000e-007,-0.00029453125
-7.264000000e-007,-0.00022265625
-7.262000000e-007,0.0001734375
-7.260000000e-007,0.00020546875
-7.258000000e-007,0.00020625
-7.256000000e-007,0.0001
-7.254000000e-007,0.0002078125
-7.252000000e-007,6.25e-006
-7.250000000e-007,0.0001828125
-7.248000000e-007,0.0001046875
-7.246000000e-007,0.000209375
-7.244000000e-007,-6.015625e-005
-7.242000000e-007,-0.00015234375
-7.240000000e-007,-0.00049140625
-7.238000000e-007,-0.0001859375
-7.236000000e-007,0.00018671875
-7.234000000e-007,0.0003828125
-7.232000000e-007,0.00039921875
-7.230000000e-007,0.00025
-7.228000000e-007,-0.000215625
-7.226000000e-007,-0.00039375
-7.224000000e-007,-0.0006125
-7.222000000e-007,-0.0007125
-7.220000000e-007,-0.0002796875
-7.218000000e-007,-0.00019921875
-7.216000000e-007,-0.0001859375
-7.214000000e-007,-3.125e-006
-7.212000000e-007,-0.000125
-7.210000000e-007,-0.00029921875
-7.208000000e-007,-0.00017890625
-7.206000000e-007,-2.34375e-006
-7.204000000e-007,0.00012109375
-7.202000000e-007,0.00019765625
-7.200000000e-007,9.296875e-005
-7.198000000e-007,0.00020703125
-7.196000000e-007,0.00047734375
-7.194000000e-007,0.0006828125
-7.192000000e-007,0.000259375
-7.190000000e-007,0.00030859375
-7.188000000e-007,0.0004578125
-7.186000000e-007,0.0005765625
-7.184000000e-007,0.00024140625
-7.182000000e-007,0.00018359375
-7.180000000e-007,0.00011015625
-7.178000000e-007,4.609375e-005
-7.176000000e-007,-0.000203125
-7.174000000e-007,-0.0001328125
-7.172000000e-007,-0.000596875
-7.170000000e-007,-0.00069609375
-7.168000000e-007,-0.00051171875
-7.166000000e-007,-0.00016484375
-7.164000000e-007,7.265625e-005
-7.162000000e-007,0.00017578125
-7.160000000e-007,-0.00011015625
-7.158000000e-007,-1.328125e-005
-7.156000000e-007,-0.00035859375
-7.154000000e-007,-0.00019296875
-7.152000000e-007,-0.00013515625
-7.150000000e-007,-0.0004984375
-7.148000000e-007,-0.0002296875
-7.146000000e-007,7.8125e-007
-7.144000000e-007,-0.0001
-7.142000000e-007,1.5625e-006
-7.140000000e-007,-0.00022421875
-7.138000000e-007,-0.00030234375
-7.136000000e-007,-0.00019609375
-7.134000000e-007,-0.000159375
-7.132000000e-007,-0.00032890625
-7.130000000e-007,0.000303125
-7.128000000e-007,-0.00035
-7.126000000e-007,-0.00026953125
-7.124000000e-007,-0.00027578125
-7.122000000e-007,-0.0003953125
-7.120000000e-007,-0.00035390625
-7.118000000e-007,9.609375e-005
-7.116000000e-007,0.00021875
-7.114000000e-007,0.00016796875
-7.112000000e-007,-0.00011953125
-7.110000000e-007,-0.0002640625
-7.108000000e-007,-0.0004796875
-7.106000000e-007,-0.0003734375
-7.104000000e-007,-5.703125e-005
-7.102000000e-007,0.000296875
-7.100000000e-007,0.0001078125
-7.098000000e-007,0.0002859375
-7.096000000e-007,2.1875e-005
-7.094000000e-007,-0.000378125
-7.092000000e-007,-0.00040859375
-7.090000000e-007,-0.00021328125
-7.088000000e-007,-0.0001015625
-7.086000000e-007,-9.609375e-005
-7.084000000e-007,-0.00030234375
-7.082000000e-007,-0.00021875
-7.080000000e-007,7.8125e-007
-7.078000000e-007,9.84375e-005
-7.076000000e-007,9.84375e-005
-7.074000000e-007,-2.22346149e-020
-7.072000000e-007,1.015625e-005
-7.070000000e-007,9.296875e-005
-7.068000000e-007,-0.0004203125
-7.066000000e-007,-0.0002984375
-7.064000000e-007,-0.00027578125
-7.062000000e-007,0.00021796875
-7.060000000e-007,0.00018828125
-7.058000000e-007,0.0001875
-7.056000000e-007,-4.6875e-005
-7.054000000e-007,-8.359375e-005
-7.052000000e-007,0.0001421875
-7.050000000e-007,0.0002046875
-7.048000000e-007,0.00015859375
-7.046000000e-007,4.6875e-006
-7.044000000e-007,0.00026015625
-7.042000000e-007,0.0004078125
-7.040000000e-007,0.00038203125
-7.038000000e-007,0.000290625
-7.036000000e-007,0.0001625
-7.034000000e-007,-0.00012734375
-7.032000000e-007,-0.00031171875
-7.030000000e-007,-0.00030078125
-7.028000000e-007,-0.00029453125
-7.026000000e-007,-0.000196875
-7.024000000e-007,-5.078125e-005
-7.022000000e-007,0.00019375
-7.020000000e-007,-1.171875e-005
-7.018000000e-007,9.6875e-005
-7.016000000e-007,-0.00025859375
-7.014000000e-007,-0.0002921875
-7.012000000e-007,0.000153125
-7.010000000e-007,0.000296875
-7.008000000e-007,0.0002015625
-7.006000000e-007,0.00019765625
-7.004000000e-007,-0.00010546875
-7.002000000e-007,-2.22346149e-020
-7.000000000e-007,-9.609375e-005
-6.998000000e-007,0.00019609375
-6.996000000e-007,0.0001
-6.994000000e-007,0.00029296875
-6.992000000e-007,0.0002046875
-6.990000000e-007,0.00019921875
-6.988000000e-007,0.00011171875
-6.986000000e-007,5.625e-005
-6.984000000e-007,0.0002953125
-6.982000000e-007,7.03125e-005
-6.980000000e-007,2.96875e-005
-6.978000000e-007,0.00036484375
-6.976000000e-007,0.0003390625
-6.974000000e-007,-5.46875e-006
-6.972000000e-007,0.0002
-6.970000000e-007,-0.00014453125
-6.968000000e-007,-0.00013203125
-6.966000000e-007,0.00011484375
-6.964000000e-007,-0.000178125
-6.962000000e-007,-0.0002
-6.960000000e-007,-0.0003828125
-6.958000000e-007,-0.0004421875
-6.956000000e-007,8.359375e-005
-6.954000000e-007,0.00030234375
-6.952000000e-007,0.00029765625
-6.950000000e-007,0.00024921875
-6.948000000e-007,-0.00019453125
-6.946000000e-007,-2.22346149e-020
-6.944000000e-007,-0.00020078125
-6.942000000e-007,0.0002765625
-6.940000000e-007,0.0002109375
-6.938000000e-007,9.53125e-005
-6.936000000e-007,0.00020234375
-6.934000000e-007,0.00010625
-6.932000000e-007,0.0001078125
-6.930000000e-007,0.00038671875
-6.928000000e-007,0.0003984375
-6.926000000e-007,8.59375e-006
-6.924000000e-007,-0.0003
-6.922000000e-007,-9.609375e-005
-6.920000000e-007,-9.84375e-005
-6.918000000e-007,0.00010078125
-6.916000000e-007,0.00020234375
-6.914000000e-007,0.0001984375
-6.912000000e-007,-1.71875e-005
-6.910000000e-007,-9.765625e-005
-6.908000000e-007,0.00010703125
-6.906000000e-007,0.00030703125
-6.904000000e-007,0.00027421875
-6.902000000e-007,3.90625e-006
-6.900000000e-007,0.00044453125
-6.898000000e-007,0.00060078125
-6.896000000e-007,0.00070546875
-6.894000000e-007,0.0009
-6.892000000e-007,0.00058203125
-6.890000000e-007,0.00040234375
-6.888000000e-007,-2.34375e-006
-6.886000000e-007,0.00020234375
-6.884000000e-007,-2.22346149e-020
-6.882000000e-007,0.0002921875
-6.880000000e-007,0.00019609375
-6.878000000e-007,0.0002
-6.876000000e-007,0.00020390625
-6.874000000e-007,0.00031484375
-6.872000000e-007,-8.75e-005
-6.870000000e-007,-0.00022421875
-6.868000000e-007,-7.8125e-007
-6.866000000e-007,-0.00011171875
-6.864000000e-007,0.0002640625
-6.862000000e-007,0.000321875
-6.860000000e-007,0.00011015625
-6.858000000e-007,-0.00015234375
-6.856000000e-007,-0.00056796875
-6.854000000e-007,-0.00062265625
-6.852000000e-007,-0.0003484375
-6.850000000e-007,9.21875e-005
-6.848000000e-007,-0.00015390625
-6.846000000e-007,-0.0002
-6.844000000e-007,-0.00029609375
-6.842000000e-007,-0.00021328125
-6.840000000e-007,-0.00020234375
-6.838000000e-007,2.5e-005
-6.836000000e-007,0.00029921875
-6.834000000e-007,3.4375e-005
-6.832000000e-007,-0.0001046875
-6.830000000e-007,-0.00028515625
-6.828000000e-007,-0.0003984375
-6.826000000e-007,-0.00030078125
-6.824000000e-007,-0.0002921875
-6.822000000e-007,-4.6875e-006
-6.820000000e-007,-2.109375e-005
-6.818000000e-007,-0.0001984375
-6.816000000e-007,-0.0002046875
-6.814000000e-007,-0.0002
-6.812000000e-007,0.0001328125
-6.810000000e-007,0.00039375
-6.808000000e-007,0.00071796875
-6.806000000e-007,0.0005953125
-6.804000000e-007,0.00045703125
-6.802000000e-007,0.00019921875
-6.800000000e-007,0.00046328125
-6.798000000e-007,0.0004765625
-6.796000000e-007,0.0001875
-6.794000000e-007,0.000303125
-6.792000000e-007,0.00014609375
-6.790000000e-007,-8.59375e-006
-6.788000000e-007,2.109375e-005
-6.786000000e-007,0.0002578125
-6.784000000e-007,0.000334375
-6.782000000e-007,-1.71875e-005
-6.780000000e-007,-7.578125e-005
-6.778000000e-007,-0.000403125
-6.776000000e-007,-0.00032421875
-6.774000000e-007,-0.00033828125
-6.772000000e-007,0.0001984375
-6.770000000e-007,7.109375e-005
-6.768000000e-007,-2.22346149e-020
-6.766000000e-007,-0.00012421875
-6.764000000e-007,-0.000278125
-6.762000000e-007,1.09375e-005
-6.760000000e-007,2.5e-005
-6.758000000e-007,0.00030390625
-6.756000000e-007,0.00016015625
-6.754000000e-007,-7.8125e-007
-6.752000000e-007,0.0002421875
-6.750000000e-007,0.00030390625
-6.748000000e-007,0.00034296875
-6.746000000e-007,0.00061875
-6.744000000e-007,-3.90625e-005
-6.742000000e-007,9.609375e-005
-6.740000000e-007,-0.00010625
-6.738000000e-007,-0.00019453125
-6.736000000e-007,-0.000209375
-6.734000000e-007,-6.25e-006
-6.732000000e-007,-9.6875e-005
-6.730000000e-007,3.90625e-006
-6.728000000e-007,-0.0001828125
-6.726000000e-007,-0.00019453125
-6.724000000e-007,-0.00029765625
-6.722000000e-007,-0.0001359375
-6.720000000e-007,-0.00017734375
-6.718000000e-007,-0.00012734375
-6.716000000e-007,-0.00011875
-6.714000000e-007,8.59375e-006
-6.712000000e-007,-0.00018125
-6.710000000e-007,1.25e-005
-6.708000000e-007,0.000271875
-6.706000000e-007,0.000484375
-6.704000000e-007,0.00041484375
-6.702000000e-007,0.0002375
-6.700000000e-007,-8.984375e-005
-6.698000000e-007,-0.00020234375
-6.696000000e-007,-0.00019921875
-6.694000000e-007,-0.00012734375
-6.692000000e-007,0.00029609375
-6.690000000e-007,0.00020625
-6.688000000e-007,9.6875e-005
-6.686000000e-007,-0.0001890625
-6.684000000e-007,-0.0003015625
-6.682000000e-007,-0.00059921875
-6.680000000e-007,-0.0002921875
-6.678000000e-007,-0.0003
-6.676000000e-007,-0.00029609375
-6.674000000e-007,-0.00019765625
-6.672000000e-007,-0.0002140625
-6.670000000e-007,-0.00029609375
-6.668000000e-007,0.00015078125
-6.666000000e-007,0.00049609375
-6.664000000e-007,0.00028203125
-6.662000000e-007,0.00027890625
-6.660000000e-007,-4.21875e-005
-6.658000000e-007,0.00014375
-6.656000000e-007,0.0004078125
-6.654000000e-007,0.0001796875
-6.652000000e-007,7.890625e-005
-6.650000000e-007,-0.000125
-6.648000000e-007,-0.00016640625
-6.646000000e-007,0.0001328125
-6.644000000e-007,0.00019375
-6.642000000e-007,7.734375e-005
-6.640000000e-007,-0.0001234375
-6.638000000e-007,-8.359375e-005
-6.636000000e-007,0.00029140625
-6.634000000e-007,0.0007078125
-6.632000000e-007,0.000465625
-6.630000000e-007,0.00018828125
-6.628000000e-007,0.00010390625
-6.626000000e-007,8.359375e-005
-6.624000000e-007,-0.000134375
-6.622000000e-007,1.953125e-005
-6.620000000e-007,0.0002953125
-6.618000000e-007,-5.46875e-006
-6.616000000e-007,8.59375e-006
-6.614000000e-007,0.0001109375
-6.612000000e-007,0.0002921875
-6.610000000e-007,-0.00010390625
-6.608000000e-007,-0.0003046875
-6.606000000e-007,-0.0004
-6.604000000e-007,-0.0003953125
-6.602000000e-007,-0.0002078125
-6.600000000e-007,-0.0001
-6.598000000e-007,-1.171875e-005
-6.596000000e-007,0.00019765625
-6.594000000e-007,0.0001078125
-6.592000000e-007,0.000190625
-6.590000000e-007,0.00020390625
-6.588000000e-007,0.00026953125
-6.586000000e-007,0.00040859375
-6.584000000e-007,0.0002546875
-6.582000000e-007,9.21875e-005
-6.580000000e-007,0.0001234375
-6.578000000e-007,-0.00020703125
-6.576000000e-007,0.00016796875
-6.574000000e-007,-2.8125e-005
-6.572000000e-007,-0.00029609375
-6.570000000e-007,-0.0002328125
-6.568000000e-007,-5.46875e-006
-6.566000000e-007,-9.453125e-005
-6.564000000e-007,-9.140625e-005
-6.562000000e-007,-0.0003796875
-6.560000000e-007,-0.00021484375
-6.558000000e-007,0.0001109375
-6.556000000e-007,-0.0001921875
-6.554000000e-007,-1.875e-005
-6.552000000e-007,-6.25e-006
-6.550000000e-007,0.00020390625
-6.548000000e-007,-2.22346149e-020
-6.546000000e-007,0.00030234375
-6.544000000e-007,-8.984375e-005
-6.542000000e-007,8.203125e-005
-6.540000000e-007,8.828125e-005
-6.538000000e-007,-0.000203125
-6.536000000e-007,0.0001078125
-6.534000000e-007,8.359375e-005
-6.532000000e-007,0.0003984375
-6.530000000e-007,-0.00019453125
-6.528000000e-007,-0.000103125
-6.526000000e-007,-0.0003984375
-6.524000000e-007,-8.671875e-005
-6.522000000e-007,-9.921875e-005
-6.520000000e-007,0.00020390625
-6.518000000e-007,-3.125e-006
-6.516000000e-007,-0.00021953125
-6.514000000e-007,-0.0005015625
-6.512000000e-007,-0.000496875
-6.510000000e-007,-0.00028515625
-6.508000000e-007,2.34375e-006
-6.506000000e-007,-0.0002046875
-6.504000000e-007,-0.0003171875
-6.502000000e-007,-0.00040625
-6.500000000e-007,3.90625e-006
-6.498000000e-007,-1.5625e-006
-6.496000000e-007,0.000415625
-6.494000000e-007,0.0002015625
-6.492000000e-007,-1.09375e-005
-6.490000000e-007,-0.0003953125
-6.488000000e-007,-0.00019921875
-6.486000000e-007,-0.00010625
-6.484000000e-007,0.00010390625
-6.482000000e-007,3.90625e-006
-6.480000000e-007,-9.921875e-005
-6.478000000e-007,-4.6875e-006
-6.476000000e-007,9.140625e-005
-6.474000000e-007,0.000321875
-6.472000000e-007,-5.46875e-006
-6.470000000e-007,0.00046953125
-6.468000000e-007,0.00032890625
-6.466000000e-007,0.00029609375
-6.464000000e-007,0.00012109375
-6.462000000e-007,-0.00026875
-6.460000000e-007,-0.0003203125
-6.458000000e-007,-5e-005
-6.456000000e-007,0.00027578125
-6.454000000e-007,0.00039765625
-6.452000000e-007,0.00039765625
-6.450000000e-007,0.00040546875
-6.448000000e-007,0.0003953125
-6.446000000e-007,0.000565625
-6.444000000e-007,0.00061328125
-6.442000000e-007,0.00023515625
-6.440000000e-007,0.00019921875
-6.438000000e-007,7.5e-005
-6.436000000e-007,0.0004046875
-6.434000000e-007,0.0002125
-6.432000000e-007,0.0001953125
-6.430000000e-007,-8.984375e-005
-6.428000000e-007,-9.0625e-005
-6.426000000e-007,9.765625e-005
-6.424000000e-007,0.00010234375
-6.422000000e-007,0.00010546875
-6.420000000e-007,-0.0001109375
-6.418000000e-007,-0.0001
-6.416000000e-007,-0.00019765625
-6.414000000e-007,-3.125e-006
-6.412000000e-007,-2.265625e-005
-6.410000000e-007,-0.00031953125
-6.408000000e-007,-0.00046015625
-6.406000000e-007,1.171875e-005
-6.404000000e-007,0.00015390625
-6.402000000e-007,0.00050703125
-6.400000000e-007,0.00025546875
-6.398000000e-007,8.515625e-005
-6.396000000e-007,7.03125e-006
-6.394000000e-007,0.00010234375
-6.392000000e-007,0.00011640625
-6.390000000e-007,0.0001984375
-6.388000000e-007,5.234375e-005
-6.386000000e-007,-0.000134375
-6.384000000e-007,-0.0001671875
-6.382000000e-007,-0.0001296875
-6.380000000e-007,-0.00028359375
-6.378000000e-007,4.453125e-005
-6.376000000e-007,8.203125e-005
-6.374000000e-007,-1.484375e-005
-6.372000000e-007,-0.0001296875
-6.370000000e-007,-0.0001953125
-6.368000000e-007,-7.734375e-005
-6.366000000e-007,0.00013046875
-6.364000000e-007,0.00025078125
-6.362000000e-007,-0.0001
-6.360000000e-007,-3.671875e-005
-6.358000000e-007,-0.00059765625
-6.356000000e-007,-0.00046640625
-6.354000000e-007,-0.00030859375
-6.352000000e-007,0.00013984375
-6.350000000e-007,0.0001109375
-6.348000000e-007,-0.00012421875
-6.346000000e-007,-0.00030078125
-6.344000000e-007,-0.000196875
-6.342000000e-007,-3.125e-005
-6.340000000e-007,0.00027578125
-6.338000000e-007,0.000434375
-6.336000000e-007,2.421875e-005
-6.334000000e-007,0.00012265625
-6.332000000e-007,0.0003171875
-6.330000000e-007,-0.0001015625
-6.328000000e-007,-0.0002296875
-6.326000000e-007,-0.00010625
-6.324000000e-007,-0.0001078125
-6.322000000e-007,1.25e-005
-6.320000000e-007,0.00021328125
-6.318000000e-007,7.8125e-007
-6.316000000e-007,-0.0002921875
-6.314000000e-007,-0.00016640625
-6.312000000e-007,8.046875e-005
-6.310000000e-007,0.0002375
-6.308000000e-007,0.00059921875
-6.306000000e-007,0.00025546875
-6.304000000e-007,1.015625e-005
-6.302000000e-007,-0.0003734375
-6.300000000e-007,-0.000403125
-6.298000000e-007,-0.00040625
-6.296000000e-007,-0.00020390625
-6.294000000e-007,-9.53125e-005
-6.292000000e-007,-0.0003015625
-6.290000000e-007,-0.0002890625
-6.288000000e-007,-0.0005
-6.286000000e-007,-0.000303125
-6.284000000e-007,-0.00029296875
-6.282000000e-007,9.765625e-005
-6.280000000e-007,0.00030078125
-6.278000000e-007,0.0002984375
-6.276000000e-007,0.00029375
-6.274000000e-007,9.296875e-005
-6.272000000e-007,-9.921875e-005
-6.270000000e-007,0.00011875
-6.268000000e-007,0.00032421875
-6.266000000e-007,0.00027109375
-6.264000000e-007,-5.078125e-005
-6.262000000e-007,-0.0002140625
-6.260000000e-007,-0.00029453125
-6.258000000e-007,-0.00019609375
-6.256000000e-007,-0.0002
-6.254000000e-007,-8.125e-005
-6.252000000e-007,-1.875e-005
-6.250000000e-007,-0.000221875
-6.248000000e-007,-0.00014765625
-6.246000000e-007,0.000121875
-6.244000000e-007,0.00020546875
-6.242000000e-007,0.00019296875
-6.240000000e-007,7.8125e-005
-6.238000000e-007,-3.125e-006
-6.236000000e-007,-0.00012578125
-6.234000000e-007,-0.0002921875
-6.232000000e-007,5.3125e-005
-6.230000000e-007,0.00021171875
-6.228000000e-007,0.00031640625
-6.226000000e-007,0.0002953125
-6.224000000e-007,0.000184375
-6.222000000e-007,-9.375e-006
-6.220000000e-007,-0.00018203125
-6.218000000e-007,0.00010234375
-6.216000000e-007,7.03125e-006
-6.214000000e-007,0.00030078125
-6.212000000e-007,0.00019140625
-6.210000000e-007,0.00019765625
-6.208000000e-007,7.96875e-005
-6.206000000e-007,-0.00039296875
-6.204000000e-007,-2.22346149e-020
-6.202000000e-007,0.000496875
-6.200000000e-007,0.0002171875
-6.198000000e-007,-5.78125e-005
-6.196000000e-007,-0.0002140625
-6.194000000e-007,0.0002859375
-6.192000000e-007,0.00052890625
-6.190000000e-007,0.00026015625
-6.188000000e-007,0.00016484375
-6.186000000e-007,0.0003078125
-6.184000000e-007,0.00011484375
-6.182000000e-007,0.000178125
-6.180000000e-007,0.0002015625
-6.178000000e-007,0.00021171875
-6.176000000e-007,0.0001
-6.174000000e-007,0.000271875
-6.172000000e-007,0.00023203125
-6.170000000e-007,-0.00016953125
-6.168000000e-007,-0.0002921875
-6.166000000e-007,-0.00048671875
-6.164000000e-007,-0.00031640625
-6.162000000e-007,0.00026484375
-6.160000000e-007,0.00031171875
-6.158000000e-007,3.984375e-005
-6.156000000e-007,-0.0001984375
-6.154000000e-007,-0.00010234375
-6.152000000e-007,-0.0001015625
-6.150000000e-007,0.00028046875
-6.148000000e-007,0.00030859375
-6.146000000e-007,0.0001015625
-6.144000000e-007,9.53125e-005
-6.142000000e-007,-0.00010390625
-6.140000000e-007,0.0002109375
-6.138000000e-007,0.0001984375
-6.136000000e-007,0.00029921875
-6.134000000e-007,0.000103125
-6.132000000e-007,-1.640625e-005
-6.130000000e-007,-0.0001953125
-6.128000000e-007,0.00021640625
-6.126000000e-007,0.00020078125
-6.124000000e-007,0.00028984375
-6.122000000e-007,-0.00020234375
-6.120000000e-007,1.328125e-005
-6.118000000e-007,-0.00010078125
-6.116000000e-007,9.375e-006
-6.114000000e-007,0.0002
-6.112000000e-007,9.921875e-005
-6.110000000e-007,0.00020078125
-6.108000000e-007,9.0625e-005
-6.106000000e-007,0.00019453125
-6.104000000e-007,0.00029765625
-6.102000000e-007,0.0001
-6.100000000e-007,0.00033125
-6.098000000e-007,0.00050078125
-6.096000000e-007,-7.8125e-006
-6.094000000e-007,0.00010390625
-6.092000000e-007,-0.00020078125
-6.090000000e-007,-1.015625e-005
-6.088000000e-007,0.00010234375
-6.086000000e-007,0.0002015625
-6.084000000e-007,-7.8125e-006
-6.082000000e-007,-0.000178125
-6.080000000e-007,-0.0004
-6.078000000e-007,-0.000303125
-6.076000000e-007,-0.00023125
-6.074000000e-007,0.00045
-6.072000000e-007,0.0004421875
-6.070000000e-007,0.000115625
-6.068000000e-007,1.171875e-005
-6.066000000e-007,-0.00035625
-6.064000000e-007,-0.0005078125
-6.062000000e-007,-0.00041171875
-6.060000000e-007,-0.0002421875
-6.058000000e-007,0.00025625
-6.056000000e-007,0.0001625
-6.054000000e-007,-8.515625e-005
-6.052000000e-007,-0.00018359375
-6.050000000e-007,-0.00042734375
-6.048000000e-007,6.796875e-005
-6.046000000e-007,0.00029921875
-6.044000000e-007,0.0004015625
-6.042000000e-007,0.00067421875
-6.040000000e-007,0.00058359375
-6.038000000e-007,2.890625e-005
-6.036000000e-007,-0.00021171875
-6.034000000e-007,-0.000496875
-6.032000000e-007,-0.0003984375
-6.030000000e-007,-0.00031015625
-6.028000000e-007,0.00033984375
-6.026000000e-007,0.00029765625
-6.024000000e-007,0.0002578125
-6.022000000e-007,-0.00039765625
-6.020000000e-007,-4.296875e-005
-6.018000000e-007,0.00019921875
-6.016000000e-007,6.40625e-005
-6.014000000e-007,-9.921875e-005
-6.012000000e-007,2.34375e-005
-6.010000000e-007,0.00010234375
-6.008000000e-007,0.0002546875
-6.006000000e-007,0.00038515625
-6.004000000e-007,0.00022421875
-6.002000000e-007,0.00036328125
-6.000000000e-007,-0.0003109375
-5.998000000e-007,-0.00016171875
-5.996000000e-007,0.00020078125
-5.994000000e-007,0.0005296875
-5.992000000e-007,0.00063359375
-5.990000000e-007,0.00053125
-5.988000000e-007,0.00015234375
-5.986000000e-007,4.21875e-005
-5.984000000e-007,-0.000321875
-5.982000000e-007,-0.00021015625
-5.980000000e-007,-0.000240625
-5.978000000e-007,0.0001140625
-5.976000000e-007,0.00015703125
-5.974000000e-007,0.00038203125
-5.972000000e-007,-5.9375e-005
-5.970000000e-007,1.40625e-005
-5.968000000e-007,0.00013203125
-5.966000000e-007,0.0001953125
-5.964000000e-007,-2.265625e-005
-5.962000000e-007,-9.921875e-005
-5.960000000e-007,-0.0003484375
-5.958000000e-007,-0.0004078125
-5.956000000e-007,5.078125e-005
-5.954000000e-007,0.00020234375
-5.952000000e-007,0.0002078125
-5.950000000e-007,0.00020625
-5.948000000e-007,-0.00020625
-5.946000000e-007,-0.00021328125
-5.944000000e-007,-0.000115625
-5.942000000e-007,0.0001109375
-5.940000000e-007,-0.0001828125
-5.938000000e-007,-0.00012421875
-5.936000000e-007,-0.00018359375
-5.934000000e-007,-0.0002359375
-5.932000000e-007,-4.6875e-005
-5.930000000e-007,0.00013203125
-5.928000000e-007,-7.03125e-005
-5.926000000e-007,2.1875e-005
-5.924000000e-007,0.00012734375
-5.922000000e-007,-1.953125e-005
-5.920000000e-007,-0.00036796875
-5.918000000e-007,-0.00034921875
-5.916000000e-007,-0.0001375
-5.914000000e-007,0.00016328125
-5.912000000e-007,0.0002859375
-5.910000000e-007,0.000565625
-5.908000000e-007,0.0006078125
-5.906000000e-007,0.0004125
-5.904000000e-007,0.000309375
-5.902000000e-007,1.015625e-005
-5.900000000e-007,9.6875e-005
-5.898000000e-007,0.0001984375
-5.896000000e-007,0.000196875
-5.894000000e-007,-7.34375e-005
-5.892000000e-007,-0.0001984375
-5.890000000e-007,0.00019375
-5.888000000e-007,0.0003015625
-5.886000000e-007,0.0004
-5.884000000e-007,0.0002828125
-5.882000000e-007,-0.00010234375
-5.880000000e-007,1.484375e-005
-5.878000000e-007,0.00010078125
-5.876000000e-007,0.00019921875
-5.874000000e-007,-2.65625e-005
-5.872000000e-007,-0.00032578125
-5.870000000e-007,-0.0002921875
-5.868000000e-007,-0.00031328125
-5.866000000e-007,-0.0002859375
-5.864000000e-007,-3.671875e-005
-5.862000000e-007,0.00022734375
-5.860000000e-007,0.0004203125
-5.858000000e-007,0.000140625
-5.856000000e-007,-0.0001859375
-5.854000000e-007,-2.5e-005
-5.852000000e-007,-0.00030546875
-5.850000000e-007,-0.000109375
-5.848000000e-007,-0.000440625
-5.846000000e-007,-0.00027109375
-5.844000000e-007,-9.375e-005
-5.842000000e-007,-9.453125e-005
-5.840000000e-007,-3.125e-006
-5.838000000e-007,-9.921875e-005
-5.836000000e-007,1.40625e-005
-5.834000000e-007,0.0001234375
-5.832000000e-007,0.00029921875
-5.830000000e-007,9.296875e-005
-5.828000000e-007,0.00010859375
-5.826000000e-007,9.921875e-005
-5.824000000e-007,0.00010859375
-5.822000000e-007,0.00031484375
-5.820000000e-007,0.0006171875
-5.818000000e-007,0.0005984375
-5.816000000e-007,0.000271875
-5.814000000e-007,-0.0002
-5.812000000e-007,-0.00020078125
-5.810000000e-007,-0.00039296875
-5.808000000e-007,-0.0004
-5.806000000e-007,-0.00040078125
-5.804000000e-007,-0.00030703125
-5.802000000e-007,-0.00019375
-5.800000000e-007,-0.00021484375
-5.798000000e-007,9.21875e-005
-5.796000000e-007,-8.28125e-005
-5.794000000e-007,0.00011796875
-5.792000000e-007,0.000184375
-5.790000000e-007,-0.00019375
-5.788000000e-007,6.71875e-005
-5.786000000e-007,4.21875e-005
-5.784000000e-007,-9.921875e-005
-5.782000000e-007,-3.359375e-005
-5.780000000e-007,0.00019296875
-5.778000000e-007,0.000115625
-5.776000000e-007,1.5625e-005
-5.774000000e-007,-0.0002640625
-5.772000000e-007,-0.000490625
-5.770000000e-007,-0.00051953125
-5.768000000e-007,-0.00021484375
-5.766000000e-007,0.00018125
-5.764000000e-007,0.0002046875
-5.762000000e-007,4.375e-005
-5.760000000e-007,-0.0002953125
-5.758000000e-007,-0.0001125
-5.756000000e-007,-0.0001
-5.754000000e-007,8.75e-005
-5.752000000e-007,0.00010703125
-5.750000000e-007,-9.6875e-005
-5.748000000e-007,-0.00010234375
-5.746000000e-007,-0.00029453125
-5.744000000e-007,-0.00018671875
-5.742000000e-007,8.984375e-005
-5.740000000e-007,9.921875e-005
-5.738000000e-007,-9.609375e-005
-5.736000000e-007,-0.0003109375
-5.734000000e-007,-0.0004
-5.732000000e-007,-0.00027578125
-5.730000000e-007,0.0001015625
-5.728000000e-007,-5.46875e-006
-5.726000000e-007,-0.00020390625
-5.724000000e-007,-0.000628125
-5.722000000e-007,-0.0006953125
-5.720000000e-007,-0.00039296875
-5.718000000e-007,-0.00029921875
-5.716000000e-007,-0.0003015625
-5.714000000e-007,-0.000296875
-5.712000000e-007,-7.34375e-005
-5.710000000e-007,4.6875e-006
-5.708000000e-007,-0.000303125
-5.706000000e-007,-0.00020078125
-5.704000000e-007,-0.00020859375
-5.702000000e-007,-0.0002015625
-5.700000000e-007,0.000103125
-5.698000000e-007,-8.671875e-005
-5.696000000e-007,-0.0002015625
-5.694000000e-007,-0.00039453125
-5.692000000e-007,-0.0003984375
-5.690000000e-007,-0.00039765625
-5.688000000e-007,-0.00039375
-5.686000000e-007,-2.890625e-005
-5.684000000e-007,8.59375e-006
-5.682000000e-007,-0.0003671875
-5.680000000e-007,-0.00050390625
-5.678000000e-007,-0.00042109375
-5.676000000e-007,-0.0002140625
-5.674000000e-007,-0.00011953125
-5.672000000e-007,0.0001828125
-5.670000000e-007,0.00031640625
-5.668000000e-007,0.00011484375
-5.666000000e-007,0.000165625
-5.664000000e-007,0.00031171875
-5.662000000e-007,9.84375e-005
-5.660000000e-007,0.000225
-5.658000000e-007,-0.0002234375
-5.656000000e-007,-0.0003046875
-5.654000000e-007,-0.0003203125
-5.652000000e-007,-1.875e-005
-5.650000000e-007,0.00023671875
-5.648000000e-007,0.00060078125
-5.646000000e-007,0.00053671875
-5.644000000e-007,0.00018359375
-5.642000000e-007,-0.00026484375
-5.640000000e-007,-0.00071328125
-5.638000000e-007,-0.00071171875
-5.636000000e-007,-0.0003828125
-5.634000000e-007,-0.0002
-5.632000000e-007,-0.00031484375
-5.630000000e-007,-0.00039765625
-5.628000000e-007,-0.000509375
-5.626000000e-007,-0.0005
-5.624000000e-007,-0.0002609375
-5.622000000e-007,9.609375e-005
-5.620000000e-007,0.0002203125
-5.618000000e-007,0.00018203125
-5.616000000e-007,-0.00021484375
-5.614000000e-007,1.5625e-006
-5.612000000e-007,-8.4375e-005
-5.610000000e-007,9.0625e-005
-5.608000000e-007,-8.4375e-005
-5.606000000e-007,0.00020234375
-5.604000000e-007,-5.625e-005
-5.602000000e-007,-0.0001046875
-5.600000000e-007,-0.00024375
-5.598000000e-007,-0.00028203125
-5.596000000e-007,-2.734375e-005
-5.594000000e-007,0.00010390625
-5.592000000e-007,0.00011484375
-5.590000000e-007,0.0002078125
-5.588000000e-007,0.0001890625
-5.586000000e-007,6.71875e-005
-5.584000000e-007,-0.00015390625
-5.582000000e-007,-0.00019140625
-5.580000000e-007,-6.5625e-005
-5.578000000e-007,0.00011875
-5.576000000e-007,0.000321875
-5.574000000e-007,0.000290625
-5.572000000e-007,0.0001734375
-5.570000000e-007,9.84375e-005
-5.568000000e-007,0.00010234375
-5.566000000e-007,-9.53125e-005
-5.564000000e-007,-0.00051015625
-5.562000000e-007,-0.0002046875
-5.560000000e-007,-0.00018359375
-5.558000000e-007,0.0001
-5.556000000e-007,-0.00024296875
-5.554000000e-007,-0.00040625
-5.552000000e-007,-9.609375e-005
-5.550000000e-007,-8.359375e-005
-5.548000000e-007,-0.0001921875
-5.546000000e-007,-0.00036953125
-5.544000000e-007,-0.00050625
-5.542000000e-007,-0.0003171875
-5.540000000e-007,-0.00038828125
-5.538000000e-007,-0.00040390625
-5.536000000e-007,-0.00047265625
-5.534000000e-007,-0.00053671875
-5.532000000e-007,-0.00029453125
-5.530000000e-007,0.00010390625
-5.528000000e-007,0.00024453125
-5.526000000e-007,-9.375e-006
-5.524000000e-007,-0.00028515625
-5.522000000e-007,-0.00024609375
-5.520000000e-007,-2.890625e-005
-5.518000000e-007,0.00016171875
-5.516000000e-007,0.00030703125
-5.514000000e-007,0.00010859375
-5.512000000e-007,0.000196875
-5.510000000e-007,3.28125e-005
-5.508000000e-007,-0.00019453125
-5.506000000e-007,-0.00029140625
-5.504000000e-007,-0.00030390625
-5.502000000e-007,-7.8125e-007
-5.500000000e-007,-0.00019921875
-5.498000000e-007,7.890625e-005
-5.496000000e-007,-3.125e-006
-5.494000000e-007,-0.0002984375
-5.492000000e-007,-0.00019375
-5.490000000e-007,-0.00010078125
-5.488000000e-007,-9.765625e-005
-5.486000000e-007,0.0001046875
-5.484000000e-007,0.00030546875
-5.482000000e-007,0.00019375
-5.480000000e-007,-7.8125e-007
-5.478000000e-007,0.00010390625
-5.476000000e-007,0.00010234375
-5.474000000e-007,8.359375e-005
-5.472000000e-007,-0.0001328125
-5.470000000e-007,-7.96875e-005
-5.468000000e-007,0.00014296875
-5.466000000e-007,0.0003265625
-5.464000000e-007,0.00050078125
-5.462000000e-007,0.00027265625
-5.460000000e-007,5.703125e-005
-5.458000000e-007,-0.0001140625
-5.456000000e-007,-6.640625e-005
-5.454000000e-007,0.00011640625
-5.452000000e-007,0.00021484375
-5.450000000e-007,0.00018125
-5.448000000e-007,-0.0001640625
-5.446000000e-007,-0.0002890625
-5.444000000e-007,-9.765625e-005
-5.442000000e-007,-0.00020234375
-5.440000000e-007,-7.1875e-005
-5.438000000e-007,-1.5625e-006
-5.436000000e-007,2.734375e-005
-5.434000000e-007,8.90625e-005
-5.432000000e-007,-0.0002328125
-5.430000000e-007,-0.00030390625
-5.428000000e-007,-0.00052421875
-5.426000000e-007,-0.000490625
-5.424000000e-007,-0.00029765625
-5.422000000e-007,-0.0002984375
-5.420000000e-007,1.09375e-005
-5.418000000e-007,7.8125e-007
-5.416000000e-007,-3.125e-006
-5.414000000e-007,-0.00010234375
-5.412000000e-007,-2.22346149e-020
-5.410000000e-007,-9.765625e-005
-5.408000000e-007,-5.46875e-006
-5.406000000e-007,1.328125e-005
-5.404000000e-007,-9.140625e-005
-5.402000000e-007,-0.0001296875
-5.400000000e-007,0.0001328125
-5.398000000e-007,0.00041484375
-5.396000000e-007,0.0002265625
-5.394000000e-007,0.00028125
-5.392000000e-007,0.0003
-5.390000000e-007,0.0003875
-5.388000000e-007,0.000396875
-5.386000000e-007,0.00042734375
-5.384000000e-007,0.0001953125
-5.382000000e-007,0.00042734375
-5.380000000e-007,-0.000165625
-5.378000000e-007,-8.828125e-005
-5.376000000e-007,-0.0005765625
-5.374000000e-007,-0.0003640625
-5.372000000e-007,8.359375e-005
-5.370000000e-007,0.00057578125
-5.368000000e-007,0.000515625
-5.366000000e-007,0.00014765625
-5.364000000e-007,-0.00018671875
-5.362000000e-007,-0.0002140625
-5.360000000e-007,9.6875e-005
-5.358000000e-007,0.00048203125
-5.356000000e-007,0.000603125
-5.354000000e-007,0.000409375
-5.352000000e-007,0.0002984375
-5.350000000e-007,0.00029765625
-5.348000000e-007,0.00040546875
-5.346000000e-007,0.00049921875
-5.344000000e-007,0.00049921875
-5.342000000e-007,0.00040546875
-5.340000000e-007,-2.734375e-005
-5.338000000e-007,-9.296875e-005
-5.336000000e-007,0.00020859375
-5.334000000e-007,0.00020078125
-5.332000000e-007,0.0004
-5.330000000e-007,-7.8125e-006
-5.328000000e-007,-0.0004109375
-5.326000000e-007,-0.0002953125
-5.324000000e-007,-9.53125e-005
-5.322000000e-007,-3.90625e-006
-5.320000000e-007,-0.00021640625
-5.318000000e-007,-0.00030078125
-5.316000000e-007,-0.000303125
-5.314000000e-007,-0.0003984375
-5.312000000e-007,-0.00049921875
-5.310000000e-007,-0.00020390625
-5.308000000e-007,0.00043125
-5.306000000e-007,0.0004015625
-5.304000000e-007,-1.328125e-005
-5.302000000e-007,-0.00029765625
-5.300000000e-007,-0.00030078125
-5.298000000e-007,-0.0004078125
-5.296000000e-007,1.09375e-005
-5.294000000e-007,6.25e-006
-5.292000000e-007,-0.0002
-5.290000000e-007,-1.25e-005
-5.288000000e-007,-2.22346149e-020
-5.286000000e-007,1.328125e-005
-5.284000000e-007,-0.0001921875
-5.282000000e-007,-0.00011875
-5.280000000e-007,-4.6875e-006
-5.278000000e-007,4.6875e-006
-5.276000000e-007,-7.03125e-006
-5.274000000e-007,0.00011640625
-5.272000000e-007,-0.00018046875
-5.270000000e-007,-0.00010703125
-5.268000000e-007,-0.000125
-5.266000000e-007,0.00030390625
-5.264000000e-007,-0.000140625
-5.262000000e-007,-3.75e-005
-5.260000000e-007,-9.296875e-005
-5.258000000e-007,5.15625e-005
-5.256000000e-007,0.000203125
-5.254000000e-007,9.765625e-005
-5.252000000e-007,0.00030078125
-5.250000000e-007,0.00045859375
-5.248000000e-007,-0.000109375
-5.246000000e-007,0.00017890625
-5.244000000e-007,8.828125e-005
-5.242000000e-007,-4.6875e-006
-5.240000000e-007,9.84375e-005
-5.238000000e-007,-1.5625e-006
-5.236000000e-007,0.0002265625
-5.234000000e-007,0.0002109375
-5.232000000e-007,-0.00011796875
-5.230000000e-007,-1.5625e-006
-5.228000000e-007,0.00034609375
-5.226000000e-007,0.00060234375
-5.224000000e-007,0.0002484375
-5.222000000e-007,9.375e-005
-5.220000000e-007,-0.00013359375
-5.218000000e-007,-0.00020078125
-5.216000000e-007,-4.53125e-005
-5.214000000e-007,8.203125e-005
-5.212000000e-007,-0.00021484375
-5.210000000e-007,-9.765625e-005
-5.208000000e-007,-5.546875e-005
-5.206000000e-007,0.00020703125
-5.204000000e-007,6.25e-005
-5.202000000e-007,0.0001265625
-5.200000000e-007,0.00017578125
-5.198000000e-007,-2.421875e-005
-5.196000000e-007,5.3125e-005
-5.194000000e-007,6.71875e-005
-5.192000000e-007,-8.59375e-005
-5.190000000e-007,0.00010546875
-5.188000000e-007,-3.984375e-005
-5.186000000e-007,-0.0001171875
-5.184000000e-007,-0.0001890625
-5.182000000e-007,1.640625e-005
-5.180000000e-007,9.6875e-005
-5.178000000e-007,-1.25e-005
-5.176000000e-007,6.953125e-005
-5.174000000e-007,0.00029453125
-5.172000000e-007,-1.40625e-005
-5.170000000e-007,0.0001
-5.168000000e-007,-0.00024765625
-5.166000000e-007,-0.00039375
-5.164000000e-007,-0.00057578125
-5.162000000e-007,-0.00010546875
-5.160000000e-007,-0.00031484375
-5.158000000e-007,-0.000109375
-5.156000000e-007,-2.34375e-006
-5.154000000e-007,-0.00017421875
-5.152000000e-007,-0.00029765625
-5.150000000e-007,-0.0003
-5.148000000e-007,-0.00022265625
-5.146000000e-007,9.296875e-005
-5.144000000e-007,-0.0001609375
-5.142000000e-007,-0.00035546875
-5.140000000e-007,-0.000115625
-5.138000000e-007,-0.00023984375
-5.136000000e-007,-0.00026328125
-5.134000000e-007,-3.671875e-005
-5.132000000e-007,-0.00036171875
-5.130000000e-007,-0.00018046875
-5.128000000e-007,-9.375e-005
-5.126000000e-007,4.6875e-005
-5.124000000e-007,0.00018515625
-5.122000000e-007,0.000234375
-5.120000000e-007,-8.203125e-005
-5.118000000e-007,-9.375e-005
-5.116000000e-007,-0.00038125
-5.114000000e-007,-0.00061796875
-5.112000000e-007,-0.00039921875
-5.110000000e-007,-0.0006890625
-5.108000000e-007,-0.0005046875
-5.106000000e-007,-0.000303125
-5.104000000e-007,-0.00019453125
-5.102000000e-007,7.8125e-006
-5.100000000e-007,-0.0002015625
-5.098000000e-007,-5.46875e-006
-5.096000000e-007,0.0001078125
-5.094000000e-007,0.0003984375
-5.092000000e-007,0.0003984375
-5.090000000e-007,0.00039609375
-5.088000000e-007,0.0001796875
-5.086000000e-007,-3.90625e-006
-5.084000000e-007,-0.0001125
-5.082000000e-007,-0.000196875
-5.080000000e-007,-8.90625e-005
-5.078000000e-007,-9.765625e-005
-5.076000000e-007,3.203125e-005
-5.074000000e-007,9.140625e-005
-5.072000000e-007,-1.25e-005
-5.070000000e-007,0.00012109375
-5.068000000e-007,0.00017265625
-5.066000000e-007,0.00012421875
-5.064000000e-007,0.00043515625
-5.062000000e-007,0.0002609375
-5.060000000e-007,-0.0001109375
-5.058000000e-007,-0.0005203125
-5.056000000e-007,-0.00048671875
-5.054000000e-007,-0.0003765625
-5.052000000e-007,-4.6875e-005
-5.050000000e-007,0.000103125
-5.048000000e-007,-2.65625e-005
-5.046000000e-007,-0.000309375
-5.044000000e-007,-0.0002765625
-5.042000000e-007,-0.00020625
-5.040000000e-007,-0.0003109375
-5.038000000e-007,-0.000190625
-5.036000000e-007,-0.0001
-5.034000000e-007,-0.00020234375
-5.032000000e-007,-2.890625e-005
-5.030000000e-007,0.0006140625
-5.028000000e-007,0.00048046875
-5.026000000e-007,0.00039921875
-5.024000000e-007,0.0001859375
-5.022000000e-007,-9.84375e-005
-5.020000000e-007,-0.0003015625
-5.018000000e-007,-0.00020234375
-5.016000000e-007,-0.0001
-5.014000000e-007,0.00019921875
-5.012000000e-007,-8.828125e-005
-5.010000000e-007,-0.00010859375
-5.008000000e-007,-0.00010703125
-5.006000000e-007,8.28125e-005
-5.004000000e-007,7.65625e-005
-5.002000000e-007,0.00031484375
-5.000000000e-007,3.28125e-005
-4.998000000e-007,0.00010625
-4.996000000e-007,-0.00025703125
-4.994000000e-007,-0.00019453125
-4.992000000e-007,0.0002875
-4.990000000e-007,0.00011953125
-4.988000000e-007,0.00027578125
-4.986000000e-007,0.00032578125
-4.984000000e-007,3.671875e-005
-4.982000000e-007,-0.00021328125
-4.980000000e-007,7.8125e-007
-4.978000000e-007,-0.0002734375
-4.976000000e-007,-0.00011640625
-4.974000000e-007,0.00029609375
-4.972000000e-007,0.00011015625
-4.970000000e-007,0.0001015625
-4.968000000e-007,3.125e-006
-4.966000000e-007,9.375e-005
-4.964000000e-007,0.0001
-4.962000000e-007,0.000109375
-4.960000000e-007,-9.921875e-005
-4.958000000e-007,1.5625e-006
-4.956000000e-007,-0.00020546875
-4.954000000e-007,-0.0001078125
-4.952000000e-007,1.5625e-006
-4.950000000e-007,8.59375e-005
-4.948000000e-007,0.00030078125
-4.946000000e-007,0.00029921875
-4.944000000e-007,0.0004
-4.942000000e-007,0.0002984375
-4.940000000e-007,0.0002953125
-4.938000000e-007,9.84375e-005
-4.936000000e-007,-1.5625e-006
-4.934000000e-007,-2.22346149e-020
-4.932000000e-007,1.09375e-005
-4.930000000e-007,9.53125e-005
-4.928000000e-007,-0.0003109375
-4.926000000e-007,-0.000396875
-4.924000000e-007,-0.00028984375
-4.922000000e-007,-9.140625e-005
-4.920000000e-007,9.140625e-005
-4.918000000e-007,-0.00029296875
-4.916000000e-007,-0.0004984375
-4.914000000e-007,-0.00030234375
-4.912000000e-007,1.953125e-005
-4.910000000e-007,0.00019921875
-4.908000000e-007,0.00019765625
-4.906000000e-007,0.00010546875
-4.904000000e-007,-7.8125e-007
-4.902000000e-007,-0.00010078125
-4.900000000e-007,-0.00010625
-4.898000000e-007,-0.00039609375
-4.896000000e-007,-0.00029375
-4.894000000e-007,-0.00020234375
-4.892000000e-007,-0.00010625
-4.890000000e-007,2.265625e-005
-4.888000000e-007,-0.00037734375
-4.886000000e-007,-0.00041328125
-4.884000000e-007,-0.00031328125
-4.882000000e-007,-0.00019765625
-4.880000000e-007,-0.0003
-4.878000000e-007,-0.0001203125
-4.876000000e-007,-9.6875e-005
-4.874000000e-007,-9.21875e-005
-4.872000000e-007,-0.000196875
-4.870000000e-007,-5.9375e-005
-4.868000000e-007,0.00026953125
-4.866000000e-007,0.00018828125
-4.864000000e-007,-0.0002828125
-4.862000000e-007,-0.00031328125
-4.860000000e-007,-0.0002984375
-4.858000000e-007,-0.00010078125
-4.856000000e-007,0.00040078125
-4.854000000e-007,0.0002359375
-4.852000000e-007,9.6875e-005
-4.850000000e-007,-7.265625e-005
-4.848000000e-007,-0.00051640625
-4.846000000e-007,-0.00051875
-4.844000000e-007,-8.90625e-005
-4.842000000e-007,-0.00010234375
-4.840000000e-007,0.00010390625
-4.838000000e-007,-9.6875e-005
-4.836000000e-007,-0.00010390625
-4.834000000e-007,-0.00019921875
-4.832000000e-007,0.000165625
-4.830000000e-007,0.0006
-4.828000000e-007,0.0002328125
-4.826000000e-007,-0.00011875
-4.824000000e-007,-0.0003953125
-4.822000000e-007,-0.000203125
-4.820000000e-007,-0.0004203125
-4.818000000e-007,-0.00017109375
-4.816000000e-007,0.00013671875
-4.814000000e-007,0.00030625
-4.812000000e-007,0.0002875
-4.810000000e-007,0.000184375
-4.808000000e-007,9.296875e-005
-4.806000000e-007,9.140625e-005
-4.804000000e-007,-3.984375e-005
-4.802000000e-007,-9.84375e-005
-4.800000000e-007,-0.0001265625
-4.798000000e-007,-0.00033125
-4.796000000e-007,-0.00020703125
-4.794000000e-007,0.0002421875
-4.792000000e-007,0.0001171875
-4.790000000e-007,-0.0001171875
-4.788000000e-007,-0.00025859375
-4.786000000e-007,-0.00050234375
-4.784000000e-007,-0.00036875
-4.782000000e-007,-0.0002953125
-4.780000000e-007,-0.0001515625
-4.778000000e-007,-7.8125e-007
-4.776000000e-007,-0.0001078125
-4.774000000e-007,-9.921875e-005
-4.772000000e-007,-0.00021171875
-4.770000000e-007,-0.0001046875
-4.768000000e-007,0.00012421875
-4.766000000e-007,0.000203125
-4.764000000e-007,-3.828125e-005
-4.762000000e-007,-0.00039921875
-4.760000000e-007,-0.00019375
-4.758000000e-007,-8.4375e-005
-4.756000000e-007,-0.00019921875
-4.754000000e-007,-4.0625e-005
-4.752000000e-007,0.000275
-4.750000000e-007,0.0005078125
-4.748000000e-007,0.00032109375
-4.746000000e-007,0.00020859375
-4.744000000e-007,0.0001265625
-4.742000000e-007,-3.90625e-005
-4.740000000e-007,-0.000203125
-4.738000000e-007,-2.65625e-005
-4.736000000e-007,0.0003140625
-4.734000000e-007,0.0005109375
-4.732000000e-007,0.000271875
-4.730000000e-007,-0.0001734375
-4.728000000e-007,-4.21875e-005
-4.726000000e-007,0.0001703125
-4.724000000e-007,0.0003828125
-4.722000000e-007,0.00043671875
-4.720000000e-007,1.5625e-005
-4.718000000e-007,-0.00025390625
-4.716000000e-007,-0.00078515625
-4.714000000e-007,-0.00073203125
-4.712000000e-007,-0.00021015625
-4.710000000e-007,0.0002953125
-4.708000000e-007,0.00020234375
-4.706000000e-007,0.000309375
-4.704000000e-007,-2.34375e-006
-4.702000000e-007,-3.125e-006
-4.700000000e-007,0.00010234375
-4.698000000e-007,0.00019921875
-4.696000000e-007,0.0001921875
-4.694000000e-007,-0.00010546875
-4.692000000e-007,-0.00018203125
-4.690000000e-007,0.0001015625
-4.688000000e-007,-6.25e-006
-4.686000000e-007,0.0001109375
-4.684000000e-007,4.6875e-005
-4.682000000e-007,-0.000321875
-4.680000000e-007,-0.00027890625
-4.678000000e-007,-6.171875e-005
-4.676000000e-007,0.00020625
-4.674000000e-007,0.00011015625
-4.672000000e-007,0.00033125
-4.670000000e-007,0.00017421875
-4.668000000e-007,0.00013046875
-4.666000000e-007,0.00030078125
-4.664000000e-007,-3.125e-006
-4.662000000e-007,-0.00018359375
-4.660000000e-007,-2.34375e-006
-4.658000000e-007,-0.00020625
-4.656000000e-007,-7.109375e-005
-4.654000000e-007,5.46875e-006
-4.652000000e-007,-1.640625e-005
-4.650000000e-007,-0.00031875
-4.648000000e-007,-0.000503125
-4.646000000e-007,-0.0003828125
-4.644000000e-007,-0.0001359375
-4.642000000e-007,9.84375e-005
-4.640000000e-007,-0.00014296875
-4.638000000e-007,-0.00030078125
-4.636000000e-007,-0.00015234375
-4.634000000e-007,0.000315625
-4.632000000e-007,0.00039296875
-4.630000000e-007,0.000196875
-4.628000000e-007,-0.00011015625
-4.626000000e-007,-0.00019921875
-4.624000000e-007,-0.0001890625
-4.622000000e-007,0.000190625
-4.620000000e-007,0.0002
-4.618000000e-007,0.00029765625
-4.616000000e-007,0.00019921875
-4.614000000e-007,0.0001890625
-4.612000000e-007,-0.0005703125
-4.610000000e-007,-0.00028828125
-4.608000000e-007,-0.00019375
-4.606000000e-007,-9.296875e-005
-4.604000000e-007,-0.000334375
-4.602000000e-007,-0.000425
-4.600000000e-007,-0.0002953125
-4.598000000e-007,-0.00046875
-4.596000000e-007,-0.00043984375
-4.594000000e-007,-3.125e-005
-4.592000000e-007,7.65625e-005
-4.590000000e-007,0.0004828125
-4.588000000e-007,0.00015
-4.586000000e-007,-0.0002484375
-4.584000000e-007,-0.0006890625
-4.582000000e-007,-0.000525
-4.580000000e-007,-0.000409375
-4.578000000e-007,5.9375e-005
-4.576000000e-007,0.00020546875
-4.574000000e-007,2.578125e-005
-4.572000000e-007,-9.921875e-005
-4.570000000e-007,-1.09375e-005
-4.568000000e-007,9.921875e-005
-4.566000000e-007,0.00019375
-4.564000000e-007,0.000296875
-4.562000000e-007,0.00030390625
-4.560000000e-007,0.000196875
-4.558000000e-007,0.000196875
-4.556000000e-007,0.0003046875
-4.554000000e-007,0.000309375
-4.552000000e-007,9.84375e-005
-4.550000000e-007,-1.5625e-006
-4.548000000e-007,-1.796875e-005
-4.546000000e-007,-0.00040546875
-4.544000000e-007,-0.0003859375
-4.542000000e-007,-0.00019921875
-4.540000000e-007,-9.296875e-005
-4.538000000e-007,-3.125e-006
-4.536000000e-007,-0.00018359375
-4.534000000e-007,0.000303125
-4.532000000e-007,-1.5625e-005
-4.530000000e-007,-8.90625e-005
-4.528000000e-007,0.00021484375
-4.526000000e-007,9.0625e-005
-4.524000000e-007,-9.375e-005
-4.522000000e-007,9.84375e-005
-4.520000000e-007,-2.34375e-006
-4.518000000e-007,9.921875e-005
-4.516000000e-007,0.000203125
-4.514000000e-007,0.0002
-4.512000000e-007,0.0002
-4.510000000e-007,0.00019921875
-4.508000000e-007,0.00019921875
-4.506000000e-007,0.00010390625
-4.504000000e-007,-7.03125e-006
-4.502000000e-007,-0.00019921875
-4.500000000e-007,-9.921875e-005
-4.498000000e-007,-0.00019609375
-4.496000000e-007,-0.000103125
-4.494000000e-007,-0.000165625
-4.492000000e-007,-0.0004921875
-4.490000000e-007,-0.00033671875
-4.488000000e-007,-2.1875e-005
-4.486000000e-007,0.0001
-4.484000000e-007,1.015625e-005
-4.482000000e-007,-0.00018125
-4.480000000e-007,-0.0002171875
-4.478000000e-007,-8.515625e-005
-4.476000000e-007,-0.00021953125
-4.474000000e-007,0.000315625
-4.472000000e-007,0.000303125
-4.470000000e-007,-0.00031328125
-4.468000000e-007,-0.00050390625
-4.466000000e-007,-0.0004078125
-4.464000000e-007,-0.0003984375
-4.462000000e-007,-0.00027265625
-4.460000000e-007,0.00020234375
-4.458000000e-007,0.00041015625
-4.456000000e-007,0.00018828125
-4.454000000e-007,-5.46875e-006
-4.452000000e-007,9.296875e-005
-4.450000000e-007,-0.00028828125
-4.448000000e-007,-0.0002984375
-4.446000000e-007,-0.000303125
-4.444000000e-007,-7.1875e-005
-4.442000000e-007,5.46875e-006
-4.440000000e-007,-0.00021796875
-4.438000000e-007,-0.00020078125
-4.436000000e-007,-9.84375e-005
-4.434000000e-007,-5.46875e-006
-4.432000000e-007,0.0003171875
-4.430000000e-007,0.0001984375
-4.428000000e-007,0.000175
-4.426000000e-007,-0.0002171875
-4.424000000e-007,-0.00023984375
-4.422000000e-007,0.000103125
-4.420000000e-007,3.90625e-006
-4.418000000e-007,0.000209375
-4.416000000e-007,2.734375e-005
-4.414000000e-007,-7.96875e-005
-4.412000000e-007,0.0001078125
-4.410000000e-007,0.00014765625
-4.408000000e-007,0.000390625
-4.406000000e-007,6.5625e-005
-4.404000000e-007,0.0001296875
-4.402000000e-007,7.734375e-005
-4.400000000e-007,-0.000165625
-4.398000000e-007,-6.25e-006
-4.396000000e-007,0.00040546875
-4.394000000e-007,-4.453125e-005
-4.392000000e-007,6.71875e-005
-4.390000000e-007,7.34375e-005
-4.388000000e-007,-0.000196875
-4.386000000e-007,-3.125e-006
-4.384000000e-007,-5.078125e-005
-4.382000000e-007,0.00029609375
-4.380000000e-007,-0.0001421875
-4.378000000e-007,-0.0001984375
-4.376000000e-007,-0.0003859375
-4.374000000e-007,-4.6875e-006
-4.372000000e-007,1.5625e-005
-4.370000000e-007,0.00029921875
-4.368000000e-007,8.203125e-005
-4.366000000e-007,0.0001
-4.364000000e-007,-1.5625e-006
-4.362000000e-007,-5.9375e-005
-4.360000000e-007,-0.00039609375
-4.358000000e-007,-0.0002078125
-4.356000000e-007,-0.00038828125
-4.354000000e-007,-0.00037421875
-4.352000000e-007,-0.00068125
-4.350000000e-007,-0.0005046875
-4.348000000e-007,-0.00023515625
-4.346000000e-007,-1.40625e-005
-4.344000000e-007,-8.4375e-005
-4.342000000e-007,-1.484375e-005
-4.340000000e-007,-7.578125e-005
-4.338000000e-007,-3.515625e-005
-4.336000000e-007,1.328125e-005
-4.334000000e-007,-3.90625e-005
-4.332000000e-007,0.00031953125
-4.330000000e-007,0.00065234375
-4.328000000e-007,0.0001203125
-4.326000000e-007,0.00029921875
-4.324000000e-007,-0.000175
-4.322000000e-007,-0.00032109375
-4.320000000e-007,-0.00020078125
-4.318000000e-007,-0.0002125
-4.316000000e-007,-1.5625e-006
-4.314000000e-007,-9.53125e-005
-4.312000000e-007,8.59375e-006
-4.310000000e-007,0.00040703125
-4.308000000e-007,-3.125e-006
-4.306000000e-007,-0.00010078125
-4.304000000e-007,-0.000203125
-4.302000000e-007,-0.00020078125
-4.300000000e-007,-8.828125e-005
-4.298000000e-007,0.00020234375
-4.296000000e-007,0.000196875
-4.294000000e-007,0.0001984375
-4.292000000e-007,9.84375e-005
-4.290000000e-007,9.21875e-005
-4.288000000e-007,7.03125e-006
-4.286000000e-007,9.140625e-005
-4.284000000e-007,-0.0001421875
-4.282000000e-007,-0.000325
-4.280000000e-007,-0.0005046875
-4.278000000e-007,-0.00027421875
-4.276000000e-007,-6.328125e-005
-4.274000000e-007,-6.25e-006
-4.272000000e-007,-0.0001296875
-4.270000000e-007,-0.0001984375
-4.268000000e-007,-4.453125e-005
-4.266000000e-007,0.00022265625
-4.264000000e-007,0.0001390625
-4.262000000e-007,-8.671875e-005
-4.260000000e-007,0.000228125
-4.258000000e-007,0.00020859375
-4.256000000e-007,0.0002765625
-4.254000000e-007,7.8125e-006
-4.252000000e-007,0.0003109375
-4.250000000e-007,9.21875e-005
-4.248000000e-007,0.00020703125
-4.246000000e-007,-0.000121875
-4.244000000e-007,-0.00041171875
-4.242000000e-007,-0.00029609375
-4.240000000e-007,-0.00018515625
-4.238000000e-007,1.171875e-005
-4.236000000e-007,0.00020859375
-4.234000000e-007,9.6875e-005
-4.232000000e-007,-0.00021015625
-4.230000000e-007,-0.0003
-4.228000000e-007,-0.00039765625
-4.226000000e-007,-0.0002046875
-4.224000000e-007,-0.0001
-4.222000000e-007,0.00028515625
-4.220000000e-007,0.0003046875
-4.218000000e-007,0.00023125
-4.216000000e-007,6.25e-006
-4.214000000e-007,8.984375e-005
-4.212000000e-007,1.328125e-005
-4.210000000e-007,1.875e-005
-4.208000000e-007,-0.00011328125
-4.206000000e-007,8.75e-005
-4.204000000e-007,-2.34375e-006
-4.202000000e-007,0.00033046875
-4.200000000e-007,0.00043125
-4.198000000e-007,0.0001125
-4.196000000e-007,0.0001203125
-4.194000000e-007,-0.00021484375
-4.192000000e-007,0.00018828125
-4.190000000e-007,-0.0003171875
-4.188000000e-007,-0.00060703125
-4.186000000e-007,-0.0003515625
-4.184000000e-007,8.75e-005
-4.182000000e-007,0.00029453125
-4.180000000e-007,0.0003015625
-4.178000000e-007,0.00021875
-4.176000000e-007,9.921875e-005
-4.174000000e-007,0.00019765625
-4.172000000e-007,0.00010078125
-4.170000000e-007,7.8125e-007
-4.168000000e-007,1.5625e-006
-4.166000000e-007,-0.000184375
-4.164000000e-007,-0.00040078125
-4.162000000e-007,-0.0002109375
-4.160000000e-007,0.0001234375
-4.158000000e-007,0.0005953125
-4.156000000e-007,0.00039921875
-4.154000000e-007,0.00050078125
-4.152000000e-007,0.0001765625
-4.150000000e-007,0.0001015625
-4.148000000e-007,9.609375e-005
-4.146000000e-007,-2.22346149e-020
-4.144000000e-007,1.5625e-006
-4.142000000e-007,-0.0001046875
-4.140000000e-007,-0.00051171875
-4.138000000e-007,-0.0003984375
-4.136000000e-007,-0.00050078125
-4.134000000e-007,-0.000290625
-4.132000000e-007,-0.00019921875
-4.130000000e-007,-0.00019921875
-4.128000000e-007,-0.00019921875
-4.126000000e-007,-0.0001046875
-4.124000000e-007,0.000103125
-4.122000000e-007,0.0001984375
-4.120000000e-007,0.00041015625
-4.118000000e-007,0.00030078125
-4.116000000e-007,9.84375e-005
-4.114000000e-007,1.953125e-005
-4.112000000e-007,-0.0003
-4.110000000e-007,-8.59375e-006
-4.108000000e-007,7.8125e-007
-4.106000000e-007,0.0001953125
-4.104000000e-007,8.984375e-005
-4.102000000e-007,-0.0001859375
-4.100000000e-007,-0.00020234375
-4.098000000e-007,-0.0001890625
-4.096000000e-007,-0.00021640625
-4.094000000e-007,0.00016796875
-4.092000000e-007,0.00021640625
-4.090000000e-007,0.00010390625
-4.088000000e-007,0.0001
-4.086000000e-007,-4.84375e-005
-4.084000000e-007,-0.0004828125
-4.082000000e-007,-0.000403125
-4.080000000e-007,-0.00043046875
-4.078000000e-007,0.00020703125
-4.076000000e-007,0.00033515625
-4.074000000e-007,0.00026875
-4.072000000e-007,0.00040390625
-4.070000000e-007,0.00019609375
-4.068000000e-007,0.00048125
-4.066000000e-007,0.00046015625
-4.064000000e-007,0.00019921875
-4.062000000e-007,0.000209375
-4.060000000e-007,9.921875e-005
-4.058000000e-007,0.0002125
-4.056000000e-007,-0.00010546875
-4.054000000e-007,6.25e-006
-4.052000000e-007,-0.000303125
-4.050000000e-007,9.21875e-005
-4.048000000e-007,0.00019375
-4.046000000e-007,0.000196875
-4.044000000e-007,0.000184375
-4.042000000e-007,9.84375e-005
-4.040000000e-007,0.0004171875
-4.038000000e-007,0.00030078125
-4.036000000e-007,0.00030234375
-4.034000000e-007,7.890625e-005
-4.032000000e-007,-0.0003328125
-4.030000000e-007,-0.00030078125
-4.028000000e-007,-0.0002515625
-4.026000000e-007,0.00011328125
-4.024000000e-007,0.00024453125
-4.022000000e-007,0.00048125
-4.020000000e-007,0.000196875
-4.018000000e-007,0.00025703125
-4.016000000e-007,-0.00026328125
-4.014000000e-007,6.640625e-005
-4.012000000e-007,0.00017734375
-4.010000000e-007,-3.28125e-005
-4.008000000e-007,-9.84375e-005
-4.006000000e-007,-0.000103125
-4.004000000e-007,9.296875e-005
-4.002000000e-007,0.0004046875
-4.000000000e-007,-0.0001140625
-3.998000000e-007,-0.00048046875
-3.996000000e-007,-0.0001828125
-3.994000000e-007,-0.00052265625
-3.992000000e-007,-0.0004328125
-3.990000000e-007,-8.515625e-005
-3.988000000e-007,5.78125e-005
-3.986000000e-007,0.000403125
-3.984000000e-007,0.00013828125
-3.982000000e-007,-0.00019921875
-3.980000000e-007,-5.625e-005
-3.978000000e-007,0.0001015625
-3.976000000e-007,-7.8125e-007
-3.974000000e-007,9.84375e-005
-3.972000000e-007,-0.00013984375
-3.970000000e-007,-0.0004984375
-3.968000000e-007,-0.00039765625
-3.966000000e-007,-0.00039609375
-3.964000000e-007,-0.0003140625
-3.962000000e-007,-0.00011484375
-3.960000000e-007,-9.6875e-005
-3.958000000e-007,-0.00010390625
-3.956000000e-007,-9.765625e-005
-3.954000000e-007,-0.0001109375
-3.952000000e-007,-2.34375e-005
-3.950000000e-007,8.203125e-005
-3.948000000e-007,0.00011015625
-3.946000000e-007,2.8125e-005
-3.944000000e-007,-1.015625e-005
-3.942000000e-007,6.015625e-005
-3.940000000e-007,0.00019765625
-3.938000000e-007,5.9375e-005
-3.936000000e-007,-4.0625e-005
-3.934000000e-007,0.00031015625
-3.932000000e-007,-7.5e-005
-3.930000000e-007,-7.8125e-007
-3.928000000e-007,-0.00028984375
-3.926000000e-007,-0.0003625
-3.924000000e-007,-0.000890625
-3.922000000e-007,-0.00063203125
-3.920000000e-007,-0.0005
-3.918000000e-007,-0.000409375
-3.916000000e-007,-9.453125e-005
-3.914000000e-007,-9.0625e-005
-3.912000000e-007,-0.00020234375
-3.910000000e-007,-0.00020859375
-3.908000000e-007,0.00020078125
-3.906000000e-007,-9.921875e-005
-3.904000000e-007,4.6875e-006
-3.902000000e-007,-0.0001
-3.900000000e-007,2.421875e-005
-3.898000000e-007,0.000303125
-3.896000000e-007,0.00029765625
-3.894000000e-007,0.000296875
-3.892000000e-007,0.0001734375
-3.890000000e-007,-3.046875e-005
-3.888000000e-007,-3.90625e-005
-3.886000000e-007,0.00029609375
-3.884000000e-007,-9.0625e-005
-3.882000000e-007,-7.890625e-005
-3.880000000e-007,0.00014140625
-3.878000000e-007,7.5e-005
-3.876000000e-007,-0.00026875
-3.874000000e-007,-0.00039921875
-3.872000000e-007,-0.00061796875
-3.870000000e-007,-0.0011109375
-3.868000000e-007,-0.0008484375
-3.866000000e-007,-0.00067578125
-3.864000000e-007,-0.0003625
-3.862000000e-007,-0.0002984375
-3.860000000e-007,-0.000178125
-3.858000000e-007,2.34375e-006
-3.856000000e-007,1.484375e-005
-3.854000000e-007,8.28125e-005
-3.852000000e-007,-9.296875e-005
-3.850000000e-007,-1.40625e-005
-3.848000000e-007,-0.0002671875
-3.846000000e-007,0.0003046875
-3.844000000e-007,8.046875e-005
-3.842000000e-007,0.0002
-3.840000000e-007,-2.1875e-005
-3.838000000e-007,-0.0001
-3.836000000e-007,-9.453125e-005
-3.834000000e-007,-2.22346149e-020
-3.832000000e-007,-0.0001046875
-3.830000000e-007,-1.09375e-005
-3.828000000e-007,0.0002
-3.826000000e-007,0.00019609375
-3.824000000e-007,0.00030234375
-3.822000000e-007,0.000115625
-3.820000000e-007,0.00010859375
-3.818000000e-007,-0.000225
-3.816000000e-007,-0.0003421875
-3.814000000e-007,-3.90625e-005
-3.812000000e-007,-6.09375e-005
-3.810000000e-007,-0.0001234375
-3.808000000e-007,8.671875e-005
-3.806000000e-007,3.359375e-005
-3.804000000e-007,-0.0001
-3.802000000e-007,-2.03125e-005
-3.800000000e-007,9.21875e-005
-3.798000000e-007,0.000184375
-3.796000000e-007,0.00013671875
-3.794000000e-007,-0.000365625
-3.792000000e-007,-0.0004
-3.790000000e-007,-0.00043046875
-3.788000000e-007,8.28125e-005
-3.786000000e-007,0.0003109375
-3.784000000e-007,0.0001109375
-3.782000000e-007,-0.00013984375
-3.780000000e-007,-0.00051328125
-3.778000000e-007,-7.8125e-006
-3.776000000e-007,-0.00029921875
-3.774000000e-007,0.000178125
-3.772000000e-007,1.40625e-005
-3.770000000e-007,-0.00019453125
-3.768000000e-007,-0.00019453125
-3.766000000e-007,-2.34375e-006
-3.764000000e-007,-0.000109375
-3.762000000e-007,-2.734375e-005
-3.760000000e-007,0.0004
-3.758000000e-007,0.0001078125
-3.756000000e-007,-0.0001
-3.754000000e-007,3.90625e-006
-3.752000000e-007,0.0001015625
-3.750000000e-007,0.00010078125
-3.748000000e-007,-1.09375e-005
-3.746000000e-007,-0.000403125
-3.744000000e-007,-0.00027890625
-3.742000000e-007,5.46875e-006
-3.740000000e-007,9.53125e-005
-3.738000000e-007,4.6875e-006
-3.736000000e-007,0.00020703125
-3.734000000e-007,9.765625e-005
-3.732000000e-007,9.453125e-005
-3.730000000e-007,-9.6875e-005
-3.728000000e-007,-9.53125e-005
-3.726000000e-007,0.0001984375
-3.724000000e-007,0.0002984375
-3.722000000e-007,0.00020078125
-3.720000000e-007,9.84375e-005
-3.718000000e-007,1.09375e-005
-3.716000000e-007,-9.921875e-005
-3.714000000e-007,0.0001890625
-3.712000000e-007,0.00030078125
-3.710000000e-007,0.000303125
-3.708000000e-007,-1.484375e-005
-3.706000000e-007,-0.00021640625
-3.704000000e-007,9.53125e-005
-3.702000000e-007,-5.859375e-005
-3.700000000e-007,-0.00022109375
-3.698000000e-007,0.00018671875
-3.696000000e-007,-6.484375e-005
-3.694000000e-007,-0.0001234375
-3.692000000e-007,9.375e-005
-3.690000000e-007,0.0001078125
-3.688000000e-007,9.296875e-005
-3.686000000e-007,0.00018046875
-3.684000000e-007,0.0002953125
-3.682000000e-007,0.00035078125
-3.680000000e-007,0.0006875
-3.678000000e-007,0.00040390625
-3.676000000e-007,1.25e-005
-3.674000000e-007,-7.890625e-005
-3.672000000e-007,-0.000115625
-3.670000000e-007,0.000240625
-3.668000000e-007,-0.0003015625
-3.666000000e-007,-0.00020703125
-3.664000000e-007,-0.00040625
-3.662000000e-007,-0.00031171875
-3.660000000e-007,-0.0003
-3.658000000e-007,-0.00021015625
-3.656000000e-007,1.015625e-005
-3.654000000e-007,9.765625e-005
-3.652000000e-007,0.0002046875
-3.650000000e-007,0.00019921875
-3.648000000e-007,6.328125e-005
-3.646000000e-007,-0.00029921875
-3.644000000e-007,4.296875e-005
-3.642000000e-007,0.0002953125
-3.640000000e-007,0.00036875
-3.638000000e-007,-0.000121875
-3.636000000e-007,-0.00028203125
-3.634000000e-007,-9.765625e-005
-3.632000000e-007,-7.109375e-005
-3.630000000e-007,0.00021796875
-3.628000000e-007,0.0003125
-3.626000000e-007,0.000521875
-3.624000000e-007,0.00056015625
-3.622000000e-007,0.00028125
-3.620000000e-007,0.00032578125
-3.618000000e-007,0.000265625
-3.616000000e-007,8.046875e-005
-3.614000000e-007,9.0625e-005
-3.612000000e-007,0.0001859375
-3.610000000e-007,0.00051015625
-3.608000000e-007,0.00038046875
-3.606000000e-007,0.000390625
-3.604000000e-007,0.00027578125
-3.602000000e-007,0.00030859375
-3.600000000e-007,0.00027109375
-3.598000000e-007,0.00020859375
-3.596000000e-007,0.00044140625
-3.594000000e-007,0.00049453125
-3.592000000e-007,0.00036484375
-3.590000000e-007,0.00040703125
-3.588000000e-007,0.00072265625
-3.586000000e-007,0.0005046875
-3.584000000e-007,5.546875e-005
-3.582000000e-007,-7.8125e-007
-3.580000000e-007,-0.0001140625
-3.578000000e-007,-1.640625e-005
-3.576000000e-007,0.0003203125
-3.574000000e-007,0.000209375
-3.572000000e-007,-0.0002078125
-3.570000000e-007,-0.000415625
-3.568000000e-007,-0.0002109375
-3.566000000e-007,-0.00020390625
-3.564000000e-007,-0.00010546875
-3.562000000e-007,-0.0001234375
-3.560000000e-007,9.140625e-005
-3.558000000e-007,-4.6875e-006
-3.556000000e-007,0.00011875
-3.554000000e-007,-0.00025390625
-3.552000000e-007,3.75e-005
-3.550000000e-007,0.0004953125
-3.548000000e-007,0.000425
-3.546000000e-007,0.0003578125
-3.544000000e-007,3.203125e-005
-3.542000000e-007,7.421875e-005
-3.540000000e-007,8.59375e-005
-3.538000000e-007,0.000359375
-3.536000000e-007,0.00040390625
-3.534000000e-007,0.00041484375
-3.532000000e-007,0.00011640625
-3.530000000e-007,-0.0001796875
-3.528000000e-007,-0.0003
-3.526000000e-007,-0.00021875
-3.524000000e-007,-1.5625e-006
-3.522000000e-007,-3.125e-006
-3.520000000e-007,0.0002046875
-3.518000000e-007,0.00021171875
-3.516000000e-007,-2.34375e-006
-3.514000000e-007,-0.0002015625
-3.512000000e-007,1.5625e-006
-3.510000000e-007,-0.0001
-3.508000000e-007,-9.921875e-005
-3.506000000e-007,-0.00020390625
-3.504000000e-007,-0.0004171875
-3.502000000e-007,-0.0004984375
-3.500000000e-007,-0.00027890625
-3.498000000e-007,-0.0002125
-3.496000000e-007,-0.00024609375
-3.494000000e-007,8.59375e-005
-3.492000000e-007,-0.0003546875
-3.490000000e-007,-0.00016953125
-3.488000000e-007,4.375e-005
-3.486000000e-007,8.75e-005
-3.484000000e-007,-0.00016171875
-3.482000000e-007,-0.00042890625
-3.480000000e-007,-0.000446875
-3.478000000e-007,-6.796875e-005
-3.476000000e-007,3.046875e-005
-3.474000000e-007,0.00020859375
-3.472000000e-007,0.00021171875
-3.470000000e-007,0.0004234375
-3.468000000e-007,0.00047265625
-3.466000000e-007,0.00030390625
-3.464000000e-007,0.0002578125
-3.462000000e-007,-0.000428125
-3.460000000e-007,-0.00047578125
-3.458000000e-007,-0.00039765625
-3.456000000e-007,-0.000240625
-3.454000000e-007,-3.125e-006
-3.452000000e-007,-0.000215625
-3.450000000e-007,-9.6875e-005
-3.448000000e-007,-9.6875e-005
-3.446000000e-007,2.34375e-006
-3.444000000e-007,-7.8125e-007
-3.442000000e-007,-0.00010234375
-3.440000000e-007,-0.00041171875
-3.438000000e-007,-0.0005
-3.436000000e-007,-0.00059921875
-3.434000000e-007,-0.0004984375
-3.432000000e-007,-0.0005
-3.430000000e-007,-0.0001171875
-3.428000000e-007,-0.0001828125
-3.426000000e-007,-0.0005203125
-3.424000000e-007,-0.00012734375
-3.422000000e-007,-4.296875e-005
-3.420000000e-007,0.00035546875
-3.418000000e-007,0.00025859375
-3.416000000e-007,0.0001375
-3.414000000e-007,-0.0001609375
-3.412000000e-007,-0.0002078125
-3.410000000e-007,-0.000134375
-3.408000000e-007,0.000240625
-3.406000000e-007,0.0006703125
-3.404000000e-007,0.00070625
-3.402000000e-007,0.0006265625
-3.400000000e-007,0.0002453125
-3.398000000e-007,-0.000165625
-3.396000000e-007,-0.00038984375
-3.394000000e-007,-0.00041875
-3.392000000e-007,-0.00011484375
-3.390000000e-007,0.0002875
-3.388000000e-007,0.0002078125
-3.386000000e-007,4.609375e-005
-3.384000000e-007,-0.00030234375
-3.382000000e-007,-3.90625e-006
-3.380000000e-007,-0.0002
-3.378000000e-007,0.000184375
-3.376000000e-007,1.171875e-005
-3.374000000e-007,-0.00010234375
-3.372000000e-007,5.46875e-006
-3.370000000e-007,0.00019296875
-3.368000000e-007,0.0003
-3.366000000e-007,0.0002984375
-3.364000000e-007,0.000196875
-3.362000000e-007,-0.00048671875
-3.360000000e-007,-0.00078359375
-3.358000000e-007,-0.00029296875
-3.356000000e-007,-0.000303125
-3.354000000e-007,-0.0002
-3.352000000e-007,-0.00030078125
-3.350000000e-007,-0.00030234375
-3.348000000e-007,-0.00061796875
-3.346000000e-007,-0.00059609375
-3.344000000e-007,-0.00049296875
-3.342000000e-007,-7.890625e-005
-3.340000000e-007,0.000325
-3.338000000e-007,0.00039765625
-3.336000000e-007,0.00029921875
-3.334000000e-007,0.00020859375
-3.332000000e-007,-0.00030390625
-3.330000000e-007,-0.0001015625
-3.328000000e-007,1.5625e-005
-3.326000000e-007,0.0003
-3.324000000e-007,-1.09375e-005
-3.322000000e-007,-1.484375e-005
-3.320000000e-007,9.921875e-005
-3.318000000e-007,-9.6875e-005
-3.316000000e-007,0.00011328125
-3.314000000e-007,0.00040234375
-3.312000000e-007,0.00020078125
-3.310000000e-007,0.0004171875
-3.308000000e-007,-8.90625e-005
-3.306000000e-007,-8.984375e-005
-3.304000000e-007,-0.00038984375
-3.302000000e-007,-0.0001484375
-3.300000000e-007,0.00010546875
-3.298000000e-007,-5.46875e-006
-3.296000000e-007,0.0001921875
-3.294000000e-007,4.375e-005
-3.292000000e-007,-0.0002
-3.290000000e-007,3.28125e-005
-3.288000000e-007,0.00039375
-3.286000000e-007,0.00022890625
-3.284000000e-007,0.000196875
-3.282000000e-007,3.125e-006
-3.280000000e-007,-0.0004875
-3.278000000e-007,-0.0003359375
-3.276000000e-007,-0.0002953125
-3.274000000e-007,-0.00016484375
-3.272000000e-007,0.00020078125
-3.270000000e-007,0.0002515625
-3.268000000e-007,-0.000209375
-3.266000000e-007,-0.0001953125
-3.264000000e-007,-0.0004015625
-3.262000000e-007,-0.00011640625
-3.260000000e-007,0.00010859375
-3.258000000e-007,0.00020078125
-3.256000000e-007,9.765625e-005
-3.254000000e-007,1.5625e-005
-3.252000000e-007,-0.0004046875
-3.250000000e-007,-0.00010078125
-3.248000000e-007,-0.00019140625
-3.246000000e-007,0.0001953125
-3.244000000e-007,0.00031484375
-3.242000000e-007,0.00039453125
-3.240000000e-007,0.0001796875
-3.238000000e-007,0.0001984375
-3.236000000e-007,0.000246875
-3.234000000e-007,0.00061640625
-3.232000000e-007,0.000584375
-3.230000000e-007,0.000484375
-3.228000000e-007,0.000421875
-3.226000000e-007,0.000478125
-3.224000000e-007,0.00031015625
-3.222000000e-007,0.00050078125
-3.220000000e-007,0.00020859375
-3.218000000e-007,-3.203125e-005
-3.216000000e-007,-8.828125e-005
-3.214000000e-007,-0.00013125
-3.212000000e-007,-0.00030234375
-3.210000000e-007,-0.00034453125
-3.208000000e-007,-0.00042109375
-3.206000000e-007,-0.00012890625
-3.204000000e-007,-0.00053515625
-3.202000000e-007,-0.00029453125
-3.200000000e-007,-0.00057109375
-3.198000000e-007,-0.00056484375
-3.196000000e-007,-0.00015234375
-3.194000000e-007,-0.0001984375
-3.192000000e-007,-0.00011484375
-3.190000000e-007,-0.00039921875
-3.188000000e-007,-0.00026953125
-3.186000000e-007,-0.0002015625
-3.184000000e-007,-7.03125e-005
-3.182000000e-007,0.0002828125
-3.180000000e-007,0.00038671875
-3.178000000e-007,0.0001046875
-3.176000000e-007,-3.90625e-006
-3.174000000e-007,-0.00027109375
-3.172000000e-007,-0.0003109375
-3.170000000e-007,-0.00026640625
-3.168000000e-007,-0.00059296875
-3.166000000e-007,-0.00041953125
-3.164000000e-007,-0.00057890625
-3.162000000e-007,-0.000553125
-3.160000000e-007,-0.000359375
-3.158000000e-007,4.921875e-005
-3.156000000e-007,-3.59375e-005
-3.154000000e-007,-0.00017265625
-3.152000000e-007,-0.00028828125
-3.150000000e-007,-0.00026328125
-3.148000000e-007,-0.0005015625
-3.146000000e-007,-9.609375e-005
-3.144000000e-007,7.109375e-005
-3.142000000e-007,0.000471875
-3.140000000e-007,0.00031015625
-3.138000000e-007,0.000428125
-3.136000000e-007,-0.00017578125
-3.134000000e-007,-0.00030546875
-3.132000000e-007,-0.00048515625
-3.130000000e-007,-0.000628125
-3.128000000e-007,-9.375e-006
-3.126000000e-007,0.00020078125
-3.124000000e-007,0.0002015625
-3.122000000e-007,0.00012421875
-3.120000000e-007,-9.921875e-005
-3.118000000e-007,0.000196875
-3.116000000e-007,9.453125e-005
-3.114000000e-007,7.8125e-007
-3.112000000e-007,-0.00020078125
-3.110000000e-007,-9.921875e-005
-3.108000000e-007,-0.00020390625
-3.106000000e-007,-9.6875e-005
-3.104000000e-007,1.484375e-005
-3.102000000e-007,0.0002046875
-3.100000000e-007,0.00020703125
-3.098000000e-007,0.00030234375
-3.096000000e-007,0.00014921875
-3.094000000e-007,7.8125e-006
-3.092000000e-007,8.359375e-005
-3.090000000e-007,2.109375e-005
-3.088000000e-007,0.0003375
-3.086000000e-007,0.000178125
-3.084000000e-007,9.84375e-005
-3.082000000e-007,-3.984375e-005
-3.080000000e-007,-0.00016640625
-3.078000000e-007,0.00010546875
-3.076000000e-007,7.8125e-007
-3.074000000e-007,0.00021484375
-3.072000000e-007,0.000175
-3.070000000e-007,-1.5625e-005
-3.068000000e-007,-0.00022109375
-3.066000000e-007,-0.00028984375
-3.064000000e-007,-8.671875e-005
-3.062000000e-007,-8.75e-005
-3.060000000e-007,0.0001265625
-3.058000000e-007,-1.171875e-005
-3.056000000e-007,-7.265625e-005
-3.054000000e-007,0.00020234375
-3.052000000e-007,0.00021796875
-3.050000000e-007,0.00039609375
-3.048000000e-007,7.8125e-005
-3.046000000e-007,0.0002046875
-3.044000000e-007,0.0003921875
-3.042000000e-007,3.125e-006
-3.040000000e-007,-9.453125e-005
-3.038000000e-007,8.984375e-005
-3.036000000e-007,0.0003
-3.034000000e-007,0.00040390625
-3.032000000e-007,0.00029609375
-3.030000000e-007,0.00051015625
-3.028000000e-007,0.0001359375
-3.026000000e-007,-8.984375e-005
-3.024000000e-007,-0.000115625
-3.022000000e-007,5.703125e-005
-3.020000000e-007,6.71875e-005
-3.018000000e-007,-0.00021328125
-3.016000000e-007,0.0001609375
-3.014000000e-007,0.00014609375
-3.012000000e-007,-1.5625e-006
-3.010000000e-007,8.59375e-006
-3.008000000e-007,-9.453125e-005
-3.006000000e-007,-2.265625e-005
-3.004000000e-007,9.375e-005
-3.002000000e-007,3.046875e-005
-3.000000000e-007,-0.00036953125
-2.998000000e-007,-0.00063203125
-2.996000000e-007,-0.00011484375
-2.994000000e-007,8.59375e-005
-2.992000000e-007,0.00029765625
-2.990000000e-007,5.46875e-005
-2.988000000e-007,-0.00020546875
-2.986000000e-007,-3.125e-006
-2.984000000e-007,-0.0001
-2.982000000e-007,0.0001921875
-2.980000000e-007,0.00010078125
-2.978000000e-007,0.0002015625
-2.976000000e-007,-0.00011484375
-2.974000000e-007,-0.000215625
-2.972000000e-007,0.00031796875
-2.970000000e-007,0.00039609375
-2.968000000e-007,0.00049921875
-2.966000000e-007,0.00030234375
-2.964000000e-007,0.00017734375
-2.962000000e-007,-0.00020078125
-2.960000000e-007,0.0002484375
-2.958000000e-007,0.00059765625
-2.956000000e-007,0.0002984375
-2.954000000e-007,0.0005015625
-2.952000000e-007,0.000284375
-2.950000000e-007,0.00019609375
-2.948000000e-007,-0.00010703125
-2.946000000e-007,1.5625e-005
-2.944000000e-007,0.0003015625
-2.942000000e-007,9.53125e-005
-2.940000000e-007,0.00010546875
-2.938000000e-007,3.90625e-006
-2.936000000e-007,-9.53125e-005
-2.934000000e-007,0.000396875
-2.932000000e-007,0.000709375
-2.930000000e-007,0.0006015625
-2.928000000e-007,0.0002953125
-2.926000000e-007,0.0002125
-2.924000000e-007,-0.0001015625
-2.922000000e-007,-0.000109375
-2.920000000e-007,0.0002109375
-2.918000000e-007,0.000403125
-2.916000000e-007,0.00020078125
-2.914000000e-007,0.00040390625
-2.912000000e-007,0.00010703125
-2.910000000e-007,0.00018125
-2.908000000e-007,0.00020625
-2.906000000e-007,0.00011015625
-2.904000000e-007,6.25e-006
-2.902000000e-007,7.109375e-005
-2.900000000e-007,0.000390625
-2.898000000e-007,0.00032109375
-2.896000000e-007,0.0002125
-2.894000000e-007,9.375e-005
-2.892000000e-007,0.00035546875
-2.890000000e-007,0.00075
-2.888000000e-007,0.000909375
-2.886000000e-007,0.000746875
-2.884000000e-007,0.00051484375
-2.882000000e-007,0.0003125
-2.880000000e-007,0.000303125
-2.878000000e-007,0.00026484375
-2.876000000e-007,0.00049921875
-2.874000000e-007,0.000253125
-2.872000000e-007,-3.125e-006
-2.870000000e-007,1.484375e-005
-2.868000000e-007,-0.0003078125
-2.866000000e-007,-0.00020625
-2.864000000e-007,-0.0002
-2.862000000e-007,-7.8125e-006
-2.860000000e-007,0.0003125
-2.858000000e-007,0.00020390625
-2.856000000e-007,0.00020859375
-2.854000000e-007,0.00029921875
-2.852000000e-007,0.00029296875
-2.850000000e-007,0.00020078125
-2.848000000e-007,0.0002203125
-2.846000000e-007,0.00029375
-2.844000000e-007,8.515625e-005
-2.842000000e-007,9.375e-005
-2.840000000e-007,4.6875e-005
-2.838000000e-007,0.00027890625
-2.836000000e-007,-0.00010234375
-2.834000000e-007,8.125e-005
-2.832000000e-007,-0.00035234375
-2.830000000e-007,-0.0001890625
-2.828000000e-007,-0.0001828125
-2.826000000e-007,-0.00011796875
-2.824000000e-007,-0.00035
-2.822000000e-007,-0.00040546875
-2.820000000e-007,-0.0003703125
-2.818000000e-007,-0.00016875
-2.816000000e-007,-0.00011484375
-2.814000000e-007,-0.000203125
-2.812000000e-007,-2.03125e-005
-2.810000000e-007,7.890625e-005
-2.808000000e-007,-0.0001078125
-2.806000000e-007,0.00011640625
-2.804000000e-007,0.00020625
-2.802000000e-007,0.0001953125
-2.800000000e-007,0.00023515625
-2.798000000e-007,0.00029296875
-2.796000000e-007,-0.0001578125
-2.794000000e-007,-0.0003015625
-2.792000000e-007,-0.000175
-2.790000000e-007,-9.921875e-005
-2.788000000e-007,-7.890625e-005
-2.786000000e-007,0.0001046875
-2.784000000e-007,-0.0001078125
-2.782000000e-007,9.453125e-005
-2.780000000e-007,9.765625e-005
-2.778000000e-007,-6.328125e-005
-2.776000000e-007,-0.00029765625
-2.774000000e-007,-0.00013125
-2.772000000e-007,-3.90625e-006
-2.770000000e-007,1.953125e-005
-2.768000000e-007,-0.00017578125
-2.766000000e-007,-0.000384375
-2.764000000e-007,-0.0004546875
-2.762000000e-007,-0.00074140625
-2.760000000e-007,-0.000259375
-2.758000000e-007,0.00012109375
-2.756000000e-007,0.00010703125
-2.754000000e-007,0.0004453125
-2.752000000e-007,-0.00012109375
-2.750000000e-007,-2.265625e-005
-2.748000000e-007,0.00035078125
-2.746000000e-007,0.0007671875
-2.744000000e-007,0.00063046875
-2.742000000e-007,0.0002671875
-2.740000000e-007,-0.00028359375
-2.738000000e-007,-0.000415625
-2.736000000e-007,-0.00030078125
-2.734000000e-007,-0.00031484375
-2.732000000e-007,-3.90625e-006
-2.730000000e-007,3.90625e-006
-2.728000000e-007,3.90625e-006
-2.726000000e-007,0.00020078125
-2.724000000e-007,-3.125e-006
-2.722000000e-007,-6.25e-006
-2.720000000e-007,0.0003
-2.718000000e-007,2.34375e-006
-2.716000000e-007,-0.000309375
-2.714000000e-007,-0.0003953125
-2.712000000e-007,-0.00018515625
-2.710000000e-007,7.03125e-006
-2.708000000e-007,0.000440625
-2.706000000e-007,0.00057890625
-2.704000000e-007,0.00015234375
-2.702000000e-007,7.734375e-005
-2.700000000e-007,-0.0002484375
-2.698000000e-007,-0.0003015625
-2.696000000e-007,-0.00026796875
-2.694000000e-007,3.28125e-005
-2.692000000e-007,0.00037578125
-2.690000000e-007,0.0004828125
-2.688000000e-007,0.0001140625
-2.686000000e-007,-0.0001125
-2.684000000e-007,-0.00026640625
-2.682000000e-007,-0.00036875
-2.680000000e-007,4.140625e-005
-2.678000000e-007,5.46875e-006
-2.676000000e-007,0.00023984375
-2.674000000e-007,0.00041796875
-2.672000000e-007,0.0003515625
-2.670000000e-007,-9.453125e-005
-2.668000000e-007,0.00020390625
-2.666000000e-007,-0.0001109375
-2.664000000e-007,0.00015625
-2.662000000e-007,8.75e-005
-2.660000000e-007,-0.00011015625
-2.658000000e-007,4.6875e-006
-2.656000000e-007,0.00010703125
-2.654000000e-007,9.609375e-005
-2.652000000e-007,0.00012265625
-2.650000000e-007,0.0004
-2.648000000e-007,0.0001890625
-2.646000000e-007,2.34375e-006
-2.644000000e-007,-0.00050859375
-2.642000000e-007,-0.00030546875
-2.640000000e-007,-0.0003
-2.638000000e-007,0.00017578125
-2.636000000e-007,0.00030625
-2.634000000e-007,7.578125e-005
-2.632000000e-007,-0.000384375
-2.630000000e-007,-0.00031328125
-2.628000000e-007,-0.00033046875
-2.626000000e-007,9.375e-005
-2.624000000e-007,0.0002484375
-2.622000000e-007,8.28125e-005
-2.620000000e-007,0.0003
-2.618000000e-007,-3.515625e-005
-2.616000000e-007,-0.0001921875
-2.614000000e-007,-0.00024375
-2.612000000e-007,0.00026328125
-2.610000000e-007,0.00024765625
-2.608000000e-007,-0.00015625
-2.606000000e-007,-0.00057421875
-2.604000000e-007,-0.00060546875
-2.602000000e-007,-0.00050546875
-2.600000000e-007,-0.00041015625
-2.598000000e-007,-1.875e-005
-2.596000000e-007,-1.5625e-006
-2.594000000e-007,4.296875e-005
-2.592000000e-007,-0.0003125
-2.590000000e-007,0.00028359375
-2.588000000e-007,-9.6875e-005
-2.586000000e-007,-1.328125e-005
-2.584000000e-007,-8.984375e-005
-2.582000000e-007,-0.0002984375
-2.580000000e-007,-0.000196875
-2.578000000e-007,-0.0001125
-2.576000000e-007,0.00031640625
-2.574000000e-007,0.000403125
-2.572000000e-007,0.0002984375
-2.570000000e-007,0.00010390625
-2.568000000e-007,2.34375e-006
-2.566000000e-007,0.00020703125
-2.564000000e-007,0.00039765625
-2.562000000e-007,0.0003015625
-2.560000000e-007,0.00039140625
-2.558000000e-007,-0.0002078125
-2.556000000e-007,-0.00039609375
-2.554000000e-007,-0.00019296875
-2.552000000e-007,-4.6875e-006
-2.550000000e-007,-9.21875e-005
-2.548000000e-007,0.000203125
-2.546000000e-007,-0.0001078125
-2.544000000e-007,-8.984375e-005
-2.542000000e-007,-9.921875e-005
-2.540000000e-007,-9.765625e-005
-2.538000000e-007,-7.8125e-007
-2.536000000e-007,0.00012734375
-2.534000000e-007,0.00040078125
-2.532000000e-007,-0.00021171875
-2.530000000e-007,-9.921875e-005
-2.528000000e-007,-0.00040078125
-2.526000000e-007,-0.00030546875
-2.524000000e-007,-0.00019296875
-2.522000000e-007,0.0001921875
-2.520000000e-007,0.00019453125
-2.518000000e-007,-6.171875e-005
-2.516000000e-007,-0.0004
-2.514000000e-007,-0.0001296875
-2.512000000e-007,-8.828125e-005
-2.510000000e-007,-0.00012109375
-2.508000000e-007,0.0001
-2.506000000e-007,-0.0001640625
-2.504000000e-007,-0.0003078125
-2.502000000e-007,-0.00011484375
-2.500000000e-007,-9.84375e-005
-2.498000000e-007,4.609375e-005
-2.496000000e-007,0.00039140625
-2.494000000e-007,0.00029609375
-2.492000000e-007,0.00035703125
-2.490000000e-007,-0.0002359375
-2.488000000e-007,-3.515625e-005
-2.486000000e-007,0.00029375
-2.484000000e-007,0.00021171875
-2.482000000e-007,7.890625e-005
-2.480000000e-007,0.0001984375
-2.478000000e-007,-0.00015625
-2.476000000e-007,-0.0003015625
-2.474000000e-007,-0.000309375
-2.472000000e-007,-8.90625e-005
-2.470000000e-007,3.90625e-006
-2.468000000e-007,-9.921875e-005
-2.466000000e-007,9.453125e-005
-2.464000000e-007,0.0001890625
-2.462000000e-007,-8.671875e-005
-2.460000000e-007,-0.00042578125
-2.458000000e-007,-0.0005984375
-2.456000000e-007,-0.00045390625
-2.454000000e-007,9.375e-005
-2.452000000e-007,0.000190625
-2.450000000e-007,9.453125e-005
-2.448000000e-007,-1.5625e-006
-2.446000000e-007,-0.00011640625
-2.444000000e-007,-0.0003953125
-2.442000000e-007,3.28125e-005
-2.440000000e-007,0.0002
-2.438000000e-007,8.046875e-005
-2.436000000e-007,4.21875e-005
-2.434000000e-007,0.00018125
-2.432000000e-007,1.640625e-005
-2.430000000e-007,0.00018203125
-2.428000000e-007,-0.00018046875
-2.426000000e-007,-0.00018984375
-2.424000000e-007,-0.00023203125
-2.422000000e-007,-0.00043046875
-2.420000000e-007,-0.00031015625
-2.418000000e-007,3.125e-006
-2.416000000e-007,-8.828125e-005
-2.414000000e-007,0.0001015625
-2.412000000e-007,-1.015625e-005
-2.410000000e-007,-1.171875e-005
-2.408000000e-007,-6.640625e-005
-2.406000000e-007,0.000325
-2.404000000e-007,0.00040390625
-2.402000000e-007,0.000396875
-2.400000000e-007,0.0003015625
-2.398000000e-007,0.00020390625
-2.396000000e-007,-0.00034921875
-2.394000000e-007,-0.00030078125
-2.392000000e-007,-0.000384375
-2.390000000e-007,8.046875e-005
-2.388000000e-007,0.0001984375
-2.386000000e-007,0.0001984375
-2.384000000e-007,9.375e-005
-2.382000000e-007,-0.00020703125
-2.380000000e-007,-3.90625e-006
-2.378000000e-007,-0.0001953125
-2.376000000e-007,-1.015625e-005
-2.374000000e-007,-0.00017265625
-2.372000000e-007,-0.00011015625
-2.370000000e-007,-0.00017265625
-2.368000000e-007,-0.00013515625
-2.366000000e-007,5.46875e-005
-2.364000000e-007,0.00018046875
-2.362000000e-007,0.000265625
-2.360000000e-007,0.0003703125
-2.358000000e-007,0.000425
-2.356000000e-007,0.00023125
-2.354000000e-007,5.703125e-005
-2.352000000e-007,-0.000128125
-2.350000000e-007,0.0002234375
-2.348000000e-007,-0.00035859375
-2.346000000e-007,-0.00032734375
-2.344000000e-007,-0.00039453125
-2.342000000e-007,-0.0003265625
-2.340000000e-007,-0.00010703125
-2.338000000e-007,-7.03125e-006
-2.336000000e-007,9.921875e-005
-2.334000000e-007,7.8125e-006
-2.332000000e-007,-0.000203125
-2.330000000e-007,-0.0002921875
-2.328000000e-007,-0.00050234375
-2.326000000e-007,-0.0006015625
-2.324000000e-007,-0.00028359375
-2.322000000e-007,9.921875e-005
-2.320000000e-007,-0.0001125
-2.318000000e-007,-9.453125e-005
-2.316000000e-007,9.375e-005
-2.314000000e-007,4.6875e-006
-2.312000000e-007,0.00042734375
-2.310000000e-007,0.000384375
-2.308000000e-007,0.0001703125
-2.306000000e-007,0.00010078125
-2.304000000e-007,8.984375e-005
-2.302000000e-007,0.00011875
-2.300000000e-007,0.0003296875
-2.298000000e-007,0.00017109375
-2.296000000e-007,-4.6875e-006
-2.294000000e-007,0.000109375
-2.292000000e-007,8.515625e-005
-2.290000000e-007,0.000115625
-2.288000000e-007,1.71875e-005
-2.286000000e-007,-0.000290625
-2.284000000e-007,4.6875e-005
-2.282000000e-007,0.0001140625
-2.280000000e-007,0.0003140625
-2.278000000e-007,0.000190625
-2.276000000e-007,-3.984375e-005
-2.274000000e-007,-0.00040390625
-2.272000000e-007,-0.000146875
-2.270000000e-007,-0.0001265625
-2.268000000e-007,-0.00044375
-2.266000000e-007,-0.00039140625
-2.264000000e-007,-0.00029609375
-2.262000000e-007,-0.00029921875
-2.260000000e-007,-0.00017109375
-2.258000000e-007,0.0001125
-2.256000000e-007,0.000190625
-2.254000000e-007,-0.00010390625
-2.252000000e-007,-0.0002921875
-2.250000000e-007,-0.0001
-2.248000000e-007,-0.00040703125
-2.246000000e-007,-0.00020546875
-2.244000000e-007,-0.0002
-2.242000000e-007,0.00018125
-2.240000000e-007,0.000209375
-2.238000000e-007,7.03125e-006
-2.236000000e-007,0.00016875
-2.234000000e-007,0.0004984375
-2.232000000e-007,0.000390625
-2.230000000e-007,0.0006078125
-2.228000000e-007,0.00028125
-2.226000000e-007,0.00011796875
-2.224000000e-007,-0.00017109375
-2.222000000e-007,-0.00022109375
-2.220000000e-007,-0.00011171875
-2.218000000e-007,-1.25e-005
-2.216000000e-007,7.8125e-006
-2.214000000e-007,-0.00010390625
-2.212000000e-007,-7.8125e-007
-2.210000000e-007,-9.921875e-005
-2.208000000e-007,-7.8125e-007
-2.206000000e-007,-0.0001765625
-2.204000000e-007,-0.0001125
-2.202000000e-007,0.00029296875
-2.200000000e-007,0.000109375
-2.198000000e-007,0.00010703125
-2.196000000e-007,-8.984375e-005
-2.194000000e-007,-9.6875e-005
-2.192000000e-007,-0.0001015625
-2.190000000e-007,0.0002921875
-2.188000000e-007,0.0001078125
-2.186000000e-007,9.84375e-005
-2.184000000e-007,-3.90625e-006
-2.182000000e-007,-9.53125e-005
-2.180000000e-007,-8.984375e-005
-2.178000000e-007,0.00028125
-2.176000000e-007,0.0002984375
-2.174000000e-007,-9.453125e-005
-2.172000000e-007,-0.00020078125
-2.170000000e-007,-0.000303125
-2.168000000e-007,-0.00050390625
-2.166000000e-007,-0.00019609375
-2.164000000e-007,0.0002046875
-2.162000000e-007,-5.46875e-006
-2.160000000e-007,-0.00019296875
-2.158000000e-007,1.5625e-006
-2.156000000e-007,-0.0001046875
-2.154000000e-007,-9.6875e-005
-2.152000000e-007,1.40625e-005
-2.150000000e-007,0.0002046875
-2.148000000e-007,0.00017578125
-2.146000000e-007,-0.00019453125
-2.144000000e-007,-0.000190625
-2.142000000e-007,0.00029765625
-2.140000000e-007,0.00040625
-2.138000000e-007,0.0005
-2.136000000e-007,0.0002921875
-2.134000000e-007,0.0001125
-2.132000000e-007,-0.00010078125
-2.130000000e-007,-0.00010546875
-2.128000000e-007,0.0001078125
-2.126000000e-007,0.0003
-2.124000000e-007,0.00019921875
-2.122000000e-007,0.00021875
-2.120000000e-007,-9.609375e-005
-2.118000000e-007,-4.6875e-006
-2.116000000e-007,-9.84375e-005
-2.114000000e-007,7.734375e-005
-2.112000000e-007,0.00011171875
-2.110000000e-007,3.90625e-006
-2.108000000e-007,8.59375e-005
-2.106000000e-007,0.00030625
-2.104000000e-007,0.00011015625
-2.102000000e-007,0.0002671875
-2.100000000e-007,0.00038671875
-2.098000000e-007,0.0005875
-2.096000000e-007,0.0004484375
-2.094000000e-007,0.00011640625
-2.092000000e-007,-0.00048203125
-2.090000000e-007,-0.0003328125
-2.088000000e-007,-0.0002171875
-2.086000000e-007,0.0004109375
-2.084000000e-007,0.00049921875
-2.082000000e-007,0.00031953125
-2.080000000e-007,0.000196875
-2.078000000e-007,0.00011953125
-2.076000000e-007,-0.0002078125
-2.074000000e-007,-0.000196875
-2.072000000e-007,-0.00029375
-2.070000000e-007,9.375e-005
-2.068000000e-007,0.000209375
-2.066000000e-007,0.000303125
-2.064000000e-007,8.59375e-005
-2.062000000e-007,0.0001
-2.060000000e-007,0.00012109375
-2.058000000e-007,0.000303125
-2.056000000e-007,-3.359375e-005
-2.054000000e-007,0.0001109375
-2.052000000e-007,0.00019921875
-2.050000000e-007,9.140625e-005
-2.048000000e-007,2.5e-005
-2.046000000e-007,0.00019765625
-2.044000000e-007,0.0001078125
-2.042000000e-007,0.00018515625
-2.040000000e-007,1.171875e-005
-2.038000000e-007,0.0001921875
-2.036000000e-007,-3.359375e-005
-2.034000000e-007,-8.59375e-006
-2.032000000e-007,-0.00011015625
-2.030000000e-007,-0.00011640625
-2.028000000e-007,-0.000190625
-2.026000000e-007,-0.00010078125
-2.024000000e-007,-5.546875e-005
-2.022000000e-007,8.28125e-005
-2.020000000e-007,-0.000140625
-2.018000000e-007,-0.0002328125
-2.016000000e-007,-0.00037421875
-2.014000000e-007,2.65625e-005
-2.012000000e-007,7.65625e-005
-2.010000000e-007,7.8125e-006
-2.008000000e-007,0.0002734375
-2.006000000e-007,0.00050234375
-2.004000000e-007,0.00048515625
-2.002000000e-007,0.0003015625
-2.000000000e-007,6.71875e-005
-1.998000000e-007,-9.6875e-005
-1.996000000e-007,-5.859375e-005
-1.994000000e-007,0.0003046875
-1.992000000e-007,-1.796875e-005
-1.990000000e-007,9.84375e-005
-1.988000000e-007,-0.00010546875
-1.986000000e-007,-0.0001953125
-1.984000000e-007,-0.00029140625
-1.982000000e-007,-0.0003234375
-1.980000000e-007,-0.0001078125
-1.978000000e-007,-0.00025546875
-1.976000000e-007,-0.00031328125
-1.974000000e-007,-7.890625e-005
-1.972000000e-007,0.0001765625
-1.970000000e-007,0.00020859375
-1.968000000e-007,0.00015546875
-1.966000000e-007,-0.0001328125
-1.964000000e-007,0.000165625
-1.962000000e-007,-4.6875e-005
-1.960000000e-007,7.8125e-006
-1.958000000e-007,-0.00044296875
-1.956000000e-007,-0.00017890625
-1.954000000e-007,2.34375e-005
-1.952000000e-007,-2.03125e-005
-1.950000000e-007,0.0003
-1.948000000e-007,-7.8125e-005
-1.946000000e-007,-0.000371875
-1.944000000e-007,-0.000603125
-1.942000000e-007,-0.000321875
-1.940000000e-007,-0.0002015625
-1.938000000e-007,-3.90625e-006
-1.936000000e-007,1.5625e-006
-1.934000000e-007,2.421875e-005
-1.932000000e-007,-0.00040234375
-1.930000000e-007,-0.00020859375
-1.928000000e-007,0.00010859375
-1.926000000e-007,0.00029921875
-1.924000000e-007,0.000190625
-1.922000000e-007,-3.125e-006
-1.920000000e-007,-0.00010625
-1.918000000e-007,-9.765625e-005
-1.916000000e-007,0.0001171875
-1.914000000e-007,0.00019609375
-1.912000000e-007,7.890625e-005
-1.910000000e-007,-8.59375e-006
-1.908000000e-007,-0.00012421875
-1.906000000e-007,-7.03125e-005
-1.904000000e-007,0.000246875
-1.902000000e-007,-6.09375e-005
-1.900000000e-007,-0.0005484375
-1.898000000e-007,-0.00037578125
-1.896000000e-007,-0.0003078125
-1.894000000e-007,-0.0002796875
-1.892000000e-007,-4.921875e-005
-1.890000000e-007,0.00011953125
-1.888000000e-007,0.0001796875
-1.886000000e-007,-9.375e-006
-1.884000000e-007,-3.125e-006
-1.882000000e-007,-0.0001078125
-1.880000000e-007,-8.75e-005
-1.878000000e-007,-5.46875e-006
-1.876000000e-007,-9.609375e-005
-1.874000000e-007,-7.8125e-006
-1.872000000e-007,-0.0002484375
-1.870000000e-007,-0.0004078125
-1.868000000e-007,-0.0004734375
-1.866000000e-007,-9.140625e-005
-1.864000000e-007,0.00013671875
-1.862000000e-007,0.0005140625
-1.860000000e-007,0.0004703125
-1.858000000e-007,-3.125e-006
-1.856000000e-007,-0.00019921875
-1.854000000e-007,-0.00029765625
-1.852000000e-007,-0.00059609375
-1.850000000e-007,-0.00011484375
-1.848000000e-007,-0.0001
-1.846000000e-007,8.671875e-005
-1.844000000e-007,0.00010703125
-1.842000000e-007,-0.000140625
-1.840000000e-007,-0.000484375
-1.838000000e-007,-0.0005140625
-1.836000000e-007,-0.00043125
-1.834000000e-007,-0.00016796875
-1.832000000e-007,-5e-005
-1.830000000e-007,-0.000303125
-1.828000000e-007,-2.34375e-005
-1.826000000e-007,-2.109375e-005
-1.824000000e-007,0.00035703125
-1.822000000e-007,0.00042421875
-1.820000000e-007,0.0003859375
-1.818000000e-007,0.000521875
-1.816000000e-007,5.625e-005
-1.814000000e-007,-0.00022265625
-1.812000000e-007,3.90625e-006
-1.810000000e-007,-0.00028359375
-1.808000000e-007,-0.00010859375
-1.806000000e-007,-7.734375e-005
-1.804000000e-007,-0.00029609375
-1.802000000e-007,-0.0002125
-1.800000000e-007,-0.00011328125
-1.798000000e-007,0.0001859375
-1.796000000e-007,0.00020078125
-1.794000000e-007,0.00030390625
-1.792000000e-007,0.00010625
-1.790000000e-007,9.609375e-005
-1.788000000e-007,-1.09375e-005
-1.786000000e-007,-0.0003015625
-1.784000000e-007,1.40625e-005
-1.782000000e-007,0.00018125
-1.780000000e-007,0.0005
-1.778000000e-007,0.0002046875
-1.776000000e-007,8.515625e-005
-1.774000000e-007,-0.00020078125
-1.772000000e-007,-0.00021015625
-1.770000000e-007,-0.00039921875
-1.768000000e-007,-9.21875e-005
-1.766000000e-007,-0.0002046875
-1.764000000e-007,-0.00051171875
-1.762000000e-007,-0.00049765625
-1.760000000e-007,-0.0003890625
-1.758000000e-007,6.25e-006
-1.756000000e-007,-0.0001078125
-1.754000000e-007,-0.00010234375
-1.752000000e-007,-0.0003171875
-1.750000000e-007,-0.00030234375
-1.748000000e-007,-0.00019765625
-1.746000000e-007,-1.5625e-006
-1.744000000e-007,0.00019765625
-1.742000000e-007,-2.22346149e-020
-1.740000000e-007,0.0001015625
-1.738000000e-007,-0.000171875
-1.736000000e-007,-0.00039921875
-1.734000000e-007,-9.375e-006
-1.732000000e-007,1.5625e-006
-1.730000000e-007,0.00019765625
-1.728000000e-007,9.84375e-005
-1.726000000e-007,0.00011953125
-1.724000000e-007,-0.000196875
-1.722000000e-007,-9.375e-005
-1.720000000e-007,-0.0003
-1.718000000e-007,-1.953125e-005
-1.716000000e-007,-8.90625e-005
-1.714000000e-007,-1.25e-005
-1.712000000e-007,-8.4375e-005
-1.710000000e-007,-0.0003796875
-1.708000000e-007,-0.00033125
-1.706000000e-007,-0.0001015625
-1.704000000e-007,-0.0001234375
-1.702000000e-007,0.00033515625
-1.700000000e-007,0.000415625
-1.698000000e-007,0.00034765625
-1.696000000e-007,1.328125e-005
-1.694000000e-007,6.25e-006
-1.692000000e-007,-0.00018515625
-1.690000000e-007,-0.00016640625
-1.688000000e-007,0.00020078125
-1.686000000e-007,0.0001421875
-1.684000000e-007,-0.0002109375
-1.682000000e-007,-0.00039296875
-1.680000000e-007,-0.000390625
-1.678000000e-007,-0.00019375
-1.676000000e-007,-0.00039375
-1.674000000e-007,9.21875e-005
-1.672000000e-007,7.1875e-005
-1.670000000e-007,-0.0001
-1.668000000e-007,-0.000109375
-1.666000000e-007,-0.0001015625
-1.664000000e-007,0.00032890625
-1.662000000e-007,0.00030078125
-1.660000000e-007,0.00029140625
-1.658000000e-007,0.00020078125
-1.656000000e-007,0.00032109375
-1.654000000e-007,0.00029296875
-1.652000000e-007,0.000215625
-1.650000000e-007,0.000284375
-1.648000000e-007,-2.34375e-005
-1.646000000e-007,-3.90625e-006
-1.644000000e-007,6.640625e-005
-1.642000000e-007,0.00027734375
-1.640000000e-007,-2.265625e-005
-1.638000000e-007,0.00022890625
-1.636000000e-007,-3.125e-005
-1.634000000e-007,-0.000421875
-1.632000000e-007,-0.00021484375
-1.630000000e-007,-0.0001078125
-1.628000000e-007,-4.140625e-005
-1.626000000e-007,0.00020390625
-1.624000000e-007,8.046875e-005
-1.622000000e-007,8.28125e-005
-1.620000000e-007,-0.0001421875
-1.618000000e-007,-8.4375e-005
-1.616000000e-007,0.00013515625
-1.614000000e-007,0.00019921875
-1.612000000e-007,0.0002203125
-1.610000000e-007,0.000403125
-1.608000000e-007,0.00037109375
-1.606000000e-007,3.125e-006
-1.604000000e-007,-0.00019140625
-1.602000000e-007,-9.6875e-005
-1.600000000e-007,-0.000290625
-1.598000000e-007,7.8125e-007
-1.596000000e-007,-0.00032890625
-1.594000000e-007,-0.0003046875
-1.592000000e-007,-0.000303125
-1.590000000e-007,-0.0004015625
-1.588000000e-007,-0.0003078125
-1.586000000e-007,-0.000290625
-1.584000000e-007,-0.00031171875
-1.582000000e-007,-0.000121875
-1.580000000e-007,-2.421875e-005
-1.578000000e-007,0.00043203125
-1.576000000e-007,0.0004265625
-1.574000000e-007,0.00043046875
-1.572000000e-007,0.000165625
-1.570000000e-007,0.00012890625
-1.568000000e-007,0.000240625
-1.566000000e-007,4.0625e-005
-1.564000000e-007,-1.015625e-005
-1.562000000e-007,-4.0625e-005
-1.560000000e-007,-0.000296875
-1.558000000e-007,-0.00011796875
-1.556000000e-007,-0.00019609375
-1.554000000e-007,-8.984375e-005
-1.552000000e-007,-0.00038984375
-1.550000000e-007,-0.00047734375
-1.548000000e-007,-0.00079609375
-1.546000000e-007,-0.00045625
-1.544000000e-007,9.765625e-005
-1.542000000e-007,-9.609375e-005
-1.540000000e-007,7.8125e-007
-1.538000000e-007,-0.00018984375
-1.536000000e-007,-0.00020078125
-1.534000000e-007,-0.00030234375
-1.532000000e-007,9.375e-006
-1.530000000e-007,9.921875e-005
-1.528000000e-007,9.609375e-005
-1.526000000e-007,7.8125e-007
-1.524000000e-007,0.00010703125
-1.522000000e-007,0.00020390625
-1.520000000e-007,0.00040390625
-1.518000000e-007,0.000175
-1.516000000e-007,-0.00015390625
-1.514000000e-007,-0.00042578125
-1.512000000e-007,-0.00047421875
-1.510000000e-007,-0.00029765625
-1.508000000e-007,-0.0002515625
-1.506000000e-007,0.0001265625
-1.504000000e-007,0.0002078125
-1.502000000e-007,5.78125e-005
-1.500000000e-007,-0.0001828125
-1.498000000e-007,0.00011640625
-1.496000000e-007,-5.15625e-005
-1.494000000e-007,-9.53125e-005
-1.492000000e-007,-0.0001171875
-1.490000000e-007,-7.1875e-005
-1.488000000e-007,0.000353125
-1.486000000e-007,0.00039609375
-1.484000000e-007,0.00053515625
-1.482000000e-007,0.00091015625
-1.480000000e-007,0.0007359375
-1.478000000e-007,0.000378125
-1.476000000e-007,0.000275
-1.474000000e-007,9.375e-005
-1.472000000e-007,0.0001140625
-1.470000000e-007,0.0002015625
-1.468000000e-007,0.00019375
-1.466000000e-007,0.00020546875
-1.464000000e-007,0.00042265625
-1.462000000e-007,0.0003953125
-1.460000000e-007,-0.00011640625
-1.458000000e-007,-0.0002
-1.456000000e-007,-0.00051015625
-1.454000000e-007,-0.000409375
-1.452000000e-007,-0.0002
-1.450000000e-007,8.671875e-005
-1.448000000e-007,0.00020078125
-1.446000000e-007,0.0001203125
-1.444000000e-007,6.25e-006
-1.442000000e-007,-2.578125e-005
-1.440000000e-007,0.000171875
-1.438000000e-007,0.0002140625
-1.436000000e-007,7.96875e-005
-1.434000000e-007,-0.00035546875
-1.432000000e-007,-0.000334375
-1.430000000e-007,2.734375e-005
-1.428000000e-007,0.0003875
-1.426000000e-007,0.00030546875
-1.424000000e-007,0.00031875
-1.422000000e-007,-7.421875e-005
-1.420000000e-007,-4.6875e-006
-1.418000000e-007,-0.00018359375
-1.416000000e-007,-0.00010859375
-1.414000000e-007,-0.0001640625
-1.412000000e-007,-0.00031015625
-1.410000000e-007,0.00027265625
-1.408000000e-007,0.000115625
-1.406000000e-007,1.484375e-005
-1.404000000e-007,-0.0001078125
-1.402000000e-007,0.00019375
-1.400000000e-007,0.0001
-1.398000000e-007,0.00048984375
-1.396000000e-007,0.00021796875
-1.394000000e-007,-9.21875e-005
-1.392000000e-007,-0.0002015625
-1.390000000e-007,-0.0002921875
-1.388000000e-007,-0.000396875
-1.386000000e-007,-3.125e-005
-1.384000000e-007,0.0004015625
-1.382000000e-007,0.00040625
-1.380000000e-007,-0.00012734375
-1.378000000e-007,-0.000303125
-1.376000000e-007,-0.00049375
-1.374000000e-007,-0.00019921875
-1.372000000e-007,-0.00029765625
-1.370000000e-007,-0.000203125
-1.368000000e-007,-0.0004921875
-1.366000000e-007,5.46875e-006
-1.364000000e-007,-0.00010546875
-1.362000000e-007,7.8125e-006
-1.360000000e-007,-1.875e-005
-1.358000000e-007,-8.90625e-005
-1.356000000e-007,0.00041640625
-1.354000000e-007,1.015625e-005
-1.352000000e-007,-0.0001984375
-1.350000000e-007,-0.00010078125
-1.348000000e-007,-7.8125e-007
-1.346000000e-007,-7.8125e-007
-1.344000000e-007,9.6875e-005
-1.342000000e-007,-0.0001890625
-1.340000000e-007,-9.921875e-005
-1.338000000e-007,0.000103125
-1.336000000e-007,5.46875e-006
-1.334000000e-007,0.00048828125
-1.332000000e-007,0.00048984375
-1.330000000e-007,0.0001328125
-1.328000000e-007,-9.921875e-005
-1.326000000e-007,-7.8125e-007
-1.324000000e-007,-0.00017734375
-1.322000000e-007,-0.0003984375
-1.320000000e-007,-0.00031328125
-1.318000000e-007,-0.00021484375
-1.316000000e-007,-1.25e-005
-1.314000000e-007,0.00011015625
-1.312000000e-007,-7.03125e-006
-1.310000000e-007,5.3125e-005
-1.308000000e-007,-0.000565625
-1.306000000e-007,-0.0003671875
-1.304000000e-007,-0.0002125
-1.302000000e-007,-2.578125e-005
-1.300000000e-007,-8.59375e-005
-1.298000000e-007,-0.00029296875
-1.296000000e-007,-0.000125
-1.294000000e-007,0.000346875
-1.292000000e-007,0.00039921875
-1.290000000e-007,0.000221875
-1.288000000e-007,9.6875e-005
-1.286000000e-007,-6.328125e-005
-1.284000000e-007,-0.000609375
-1.282000000e-007,-0.0003171875
-1.280000000e-007,-0.000203125
-1.278000000e-007,-0.00020078125
-1.276000000e-007,-8.515625e-005
-1.274000000e-007,7.8125e-007
-1.272000000e-007,-0.00011796875
-1.270000000e-007,-3.90625e-006
-1.268000000e-007,0.000515625
-1.266000000e-007,0.00020546875
-1.264000000e-007,9.140625e-005
-1.262000000e-007,-1.5625e-006
-1.260000000e-007,0.000146875
-1.258000000e-007,0.0001828125
-1.256000000e-007,-0.000209375
-1.254000000e-007,0.00011171875
-1.252000000e-007,-1.875e-005
-1.250000000e-007,-0.0001234375
-1.248000000e-007,-0.0002796875
-1.246000000e-007,-0.0001109375
-1.244000000e-007,-0.0003140625
-1.242000000e-007,9.140625e-005
-1.240000000e-007,0.00023125
-1.238000000e-007,-0.000103125
-1.236000000e-007,-5.390625e-005
-1.234000000e-007,-0.000415625
-1.232000000e-007,-0.00028359375
-1.230000000e-007,-0.00027578125
-1.228000000e-007,0.00014375
-1.226000000e-007,0.00039375
-1.224000000e-007,0.00013359375
-1.222000000e-007,-8.59375e-006
-1.220000000e-007,-0.000125
-1.218000000e-007,-0.0001984375
-1.216000000e-007,-0.000225
-1.214000000e-007,-0.000296875
-1.212000000e-007,-8.59375e-005
-1.210000000e-007,-0.00019765625
-1.208000000e-007,-0.00017734375
-1.206000000e-007,9.21875e-005
-1.204000000e-007,0.00043671875
-1.202000000e-007,0.00051171875
-1.200000000e-007,0.000171875
-1.198000000e-007,3.90625e-006
-1.196000000e-007,-0.00020390625
-1.194000000e-007,-0.00021640625
-1.192000000e-007,-0.00010390625
-1.190000000e-007,-0.0001046875
-1.188000000e-007,-9.375e-006
-1.186000000e-007,7.96875e-005
-1.184000000e-007,0.00019375
-1.182000000e-007,0.000153125
-1.180000000e-007,5.15625e-005
-1.178000000e-007,0.0005203125
-1.176000000e-007,0.00046171875
-1.174000000e-007,0.00031953125
-1.172000000e-007,-0.000228125
-1.170000000e-007,-0.00051015625
-1.168000000e-007,-0.00043671875
-1.166000000e-007,-6.171875e-005
-1.164000000e-007,6.875e-005
-1.162000000e-007,0.00032890625
-1.160000000e-007,-0.0001703125
-1.158000000e-007,-3.28125e-005
-1.156000000e-007,-9.21875e-005
-1.154000000e-007,-0.00010703125
-1.152000000e-007,-0.00018828125
-1.150000000e-007,-0.0004078125
-1.148000000e-007,-0.0001046875
-1.146000000e-007,-9.921875e-005
-1.144000000e-007,-0.000103125
-1.142000000e-007,-0.000396875
-1.140000000e-007,-0.00019921875
-1.138000000e-007,-0.00010234375
-1.136000000e-007,0.0002109375
-1.134000000e-007,0.00030078125
-1.132000000e-007,-0.0001109375
-1.130000000e-007,-9.84375e-005
-1.128000000e-007,-8.046875e-005
-1.126000000e-007,0.0003046875
-1.124000000e-007,0.00030390625
-1.122000000e-007,0.00039375
-1.120000000e-007,0.0001703125
-1.118000000e-007,0.00021015625
-1.116000000e-007,0.000171875
-1.114000000e-007,-1.015625e-005
-1.112000000e-007,2.890625e-005
-1.110000000e-007,-2.734375e-005
-1.108000000e-007,-0.000353125
-1.106000000e-007,-0.0002765625
-1.104000000e-007,-0.0002375
-1.102000000e-007,-0.00038359375
-1.100000000e-007,-1.875e-005
-1.098000000e-007,-2.5e-005
-1.096000000e-007,-0.00021015625
-1.094000000e-007,-8.671875e-005
-1.092000000e-007,1.015625e-005
-1.090000000e-007,-1.015625e-005
-1.088000000e-007,-0.0002203125
-1.086000000e-007,-0.00017890625
-1.084000000e-007,0.0002421875
-1.082000000e-007,0.000178125
-1.080000000e-007,-4.296875e-005
-1.078000000e-007,-0.0003140625
-1.076000000e-007,-0.0004984375
-1.074000000e-007,-0.00029453125
-1.072000000e-007,-0.00019453125
-1.070000000e-007,-9.0625e-005
-1.068000000e-007,0.0001125
-1.066000000e-007,9.765625e-005
-1.064000000e-007,3.125e-006
-1.062000000e-007,0.0001
-1.060000000e-007,-0.00010859375
-1.058000000e-007,-1.25e-005
-1.056000000e-007,0.0002
-1.054000000e-007,0.00010703125
-1.052000000e-007,-8.828125e-005
-1.050000000e-007,-0.00038671875
-1.048000000e-007,-0.00030625
-1.046000000e-007,-0.00025859375
-1.044000000e-007,0.0002125
-1.042000000e-007,0.000490625
-1.040000000e-007,0.00051015625
-1.038000000e-007,0.000415625
-1.036000000e-007,0.00024140625
-1.034000000e-007,-0.0001828125
-1.032000000e-007,-1.640625e-005
-1.030000000e-007,-9.140625e-005
-1.028000000e-007,7.421875e-005
-1.026000000e-007,0.00013984375
-1.024000000e-007,-0.00035078125
-1.022000000e-007,-0.00068515625
-1.020000000e-007,-0.0007921875
-1.018000000e-007,-0.0008234375
-1.016000000e-007,-0.0005109375
-1.014000000e-007,-0.000321875
-1.012000000e-007,-1.171875e-005
-1.010000000e-007,9.140625e-005
-1.008000000e-007,0.00019765625
-1.006000000e-007,3.125e-005
-1.004000000e-007,-0.00030078125
-1.002000000e-007,-0.00011328125
-1.000000000e-007,-9.453125e-005
-9.980000000e-008,-0.00019921875
-9.960000000e-008,-9.140625e-005
-9.940000000e-008,6.25e-006
-9.920000000e-008,-0.0002015625
-9.900000000e-008,0.0001640625
-9.880000000e-008,0.0005
-9.860000000e-008,0.00020546875
-9.840000000e-008,0.0001
-9.820000000e-008,0.00010078125
-9.800000000e-008,0.0002140625
-9.780000000e-008,0.00029921875
-9.760000000e-008,-8.59375e-006
-9.740000000e-008,-0.00010078125
-9.720000000e-008,-0.00021328125
-9.700000000e-008,-0.00019375
-9.680000000e-008,0.0002078125
-9.660000000e-008,0.00019453125
-9.640000000e-008,9.140625e-005
-9.620000000e-008,-7.8125e-007
-9.600000000e-008,0.000125
-9.580000000e-008,0.0003015625
-9.560000000e-008,9.765625e-005
-9.540000000e-008,0.00019921875
-9.520000000e-008,0.00019453125
-9.500000000e-008,0.00010078125
-9.480000000e-008,-0.00010703125
-9.460000000e-008,-0.00020546875
-9.440000000e-008,1.5625e-006
-9.420000000e-008,0.0001921875
-9.400000000e-008,0.00029921875
-9.380000000e-008,0.0001984375
-9.360000000e-008,0.00029921875
-9.340000000e-008,0.0001109375
-9.320000000e-008,0.0001015625
-9.300000000e-008,-8.046875e-005
-9.280000000e-008,-0.0001109375
-9.260000000e-008,8.28125e-005
-9.240000000e-008,0.00019453125
-9.220000000e-008,0.000209375
-9.200000000e-008,1.40625e-005
-9.180000000e-008,-0.00026640625
-9.160000000e-008,-0.00041484375
-9.140000000e-008,-6.796875e-005
-9.120000000e-008,0.000284375
-9.100000000e-008,0.0003671875
-9.080000000e-008,0.0005296875
-9.060000000e-008,8.90625e-005
-9.040000000e-008,-0.0001015625
-9.020000000e-008,-9.296875e-005
-9.000000000e-008,-0.000103125
-8.980000000e-008,6.484375e-005
-8.960000000e-008,0.0002
-8.940000000e-008,0.000221875
-8.920000000e-008,-0.000115625
-8.900000000e-008,-0.00048671875
-8.880000000e-008,-0.0004890625
-8.860000000e-008,-0.00020625
-8.840000000e-008,-8.203125e-005
-8.820000000e-008,0.00029921875
-8.800000000e-008,-5.625e-005
-8.780000000e-008,-0.00030234375
-8.760000000e-008,-0.00020234375
-8.740000000e-008,-0.00020234375
-8.720000000e-008,9.921875e-005
-8.700000000e-008,-0.0001984375
-8.680000000e-008,-9.375e-005
-8.660000000e-008,-0.0001984375
-8.640000000e-008,4.84375e-005
-8.620000000e-008,9.21875e-005
-8.600000000e-008,5.3125e-005
-8.580000000e-008,0.0004
-8.560000000e-008,5.546875e-005
-8.540000000e-008,-5.46875e-006
-8.520000000e-008,-0.00030703125
-8.500000000e-008,-0.0007296875
-8.480000000e-008,-0.00063359375
-8.460000000e-008,-0.00051484375
-8.440000000e-008,-0.00056015625
-8.420000000e-008,-0.000134375
-8.400000000e-008,-0.0001984375
-8.380000000e-008,-0.00050546875
-8.360000000e-008,-0.000221875
-8.340000000e-008,-0.00024765625
-8.320000000e-008,-0.0003453125
-8.300000000e-008,1.25e-005
-8.280000000e-008,-0.00010625
-8.260000000e-008,0.00011796875
-8.240000000e-008,0.00035234375
-8.220000000e-008,0.00073125
-8.200000000e-008,0.00071171875
-8.180000000e-008,0.0001953125
-8.160000000e-008,0.00018125
-8.140000000e-008,-0.00019765625
-8.120000000e-008,-0.0002890625
-8.100000000e-008,-0.0002015625
-8.080000000e-008,-6.015625e-005
-8.060000000e-008,0.000209375
-8.040000000e-008,-0.0001078125
-8.020000000e-008,0.00010078125
-8.000000000e-008,-0.0002046875
-7.980000000e-008,-0.0002515625
-7.960000000e-008,-0.00078203125
-7.940000000e-008,-0.000559375
-7.920000000e-008,-0.00030859375
-7.900000000e-008,-0.00020390625
-7.880000000e-008,-0.00028359375
-7.860000000e-008,-0.00041015625
-7.840000000e-008,-0.0002515625
-7.820000000e-008,-1.328125e-005
-7.800000000e-008,-1.71875e-005
-7.780000000e-008,0.0002078125
-7.760000000e-008,0.0003765625
-7.740000000e-008,0.0004375
-7.720000000e-008,0.00014375
-7.700000000e-008,6.875e-005
-7.680000000e-008,0.00025234375
-7.660000000e-008,0.00059453125
-7.640000000e-008,0.00033125
-7.620000000e-008,0.00011796875
-7.600000000e-008,-9.0625e-005
-7.580000000e-008,-0.0002109375
-7.560000000e-008,-0.00018671875
-7.540000000e-008,-0.0006015625
-7.520000000e-008,-0.000109375
-7.500000000e-008,0.000103125
-7.480000000e-008,7.8125e-007
-7.460000000e-008,-1.5625e-006
-7.440000000e-008,-0.0001015625
-7.420000000e-008,-0.00039375
-7.400000000e-008,-0.000390625
-7.380000000e-008,-0.00010078125
-7.360000000e-008,-0.000296875
-7.340000000e-008,1.5625e-006
-7.320000000e-008,-0.000203125
-7.300000000e-008,0.0002125
-7.280000000e-008,0.00040390625
-7.260000000e-008,0.00051484375
-7.240000000e-008,0.0007046875
-7.220000000e-008,0.00046015625
-7.200000000e-008,0.00014453125
-7.180000000e-008,6.25e-006
-7.160000000e-008,0.00011640625
-7.140000000e-008,0.00022578125
-7.120000000e-008,0.0003796875
-7.100000000e-008,-4.609375e-005
-7.080000000e-008,-0.0001796875
-7.060000000e-008,2.109375e-005
-7.040000000e-008,0.00012890625
-7.020000000e-008,0.00018828125
-7.000000000e-008,-3.984375e-005
-6.980000000e-008,-9.609375e-005
-6.960000000e-008,-0.000128125
-6.940000000e-008,-0.00030390625
-6.920000000e-008,-0.00018984375
-6.900000000e-008,-0.00020390625
-6.880000000e-008,-2.96875e-005
-6.860000000e-008,0.00041640625
-6.840000000e-008,0.00027734375
-6.820000000e-008,0.00029609375
-6.800000000e-008,4.921875e-005
-6.780000000e-008,-0.000309375
-6.760000000e-008,-0.0005078125
-6.740000000e-008,-0.0003890625
-6.720000000e-008,-7.109375e-005
-6.700000000e-008,0.00020078125
-6.680000000e-008,0.00018671875
-6.660000000e-008,-1.5625e-006
-6.640000000e-008,0.00019609375
-6.620000000e-008,-0.0001921875
-6.600000000e-008,-2.22346149e-020
-6.580000000e-008,5.46875e-006
-6.560000000e-008,-7.8125e-007
-6.540000000e-008,7.8125e-007
-6.520000000e-008,-2.22346149e-020
-6.500000000e-008,-3.90625e-006
-6.480000000e-008,6.796875e-005
-6.460000000e-008,0.00022421875
-6.440000000e-008,1.796875e-005
-6.420000000e-008,9.53125e-005
-6.400000000e-008,-7.734375e-005
-6.380000000e-008,-0.00010390625
-6.360000000e-008,-0.00011328125
-6.340000000e-008,0.0001578125
-6.320000000e-008,0.00029765625
-6.300000000e-008,0.00030859375
-6.280000000e-008,4.84375e-005
-6.260000000e-008,-0.00046484375
-6.240000000e-008,-0.0005078125
-6.220000000e-008,-0.00033125
-6.200000000e-008,-1.25e-005
-6.180000000e-008,0.00020546875
-6.160000000e-008,8.59375e-006
-6.140000000e-008,-7.03125e-006
-6.120000000e-008,7.8125e-007
-6.100000000e-008,2.34375e-006
-6.080000000e-008,-7.8125e-007
-6.060000000e-008,0.00019375
-6.040000000e-008,0.00019921875
-6.020000000e-008,0.00029609375
-6.000000000e-008,0.00019140625
-5.980000000e-008,-9.0625e-005
-5.960000000e-008,-0.0002015625
-5.940000000e-008,-0.00020234375
-5.920000000e-008,1.5625e-006
-5.900000000e-008,0.0003
-5.880000000e-008,-2.578125e-005
-5.860000000e-008,-9.6875e-005
-5.840000000e-008,-7.8125e-006
-5.820000000e-008,-0.0003015625
-5.800000000e-008,-0.00040390625
-5.780000000e-008,-0.000603125
-5.760000000e-008,-0.0005828125
-5.740000000e-008,-0.00019296875
-5.720000000e-008,-7.8125e-007
-5.700000000e-008,-0.00010546875
-5.680000000e-008,-0.00020234375
-5.660000000e-008,-9.140625e-005
-5.640000000e-008,0.00022109375
-5.620000000e-008,0.000203125
-5.600000000e-008,0.00010234375
-5.580000000e-008,0.0002
-5.560000000e-008,-4.6875e-006
-5.540000000e-008,0.0001
-5.520000000e-008,1.5625e-006
-5.500000000e-008,0.0001140625
-5.480000000e-008,-0.0002
-5.460000000e-008,0.00019296875
-5.440000000e-008,-7.03125e-006
-5.420000000e-008,9.453125e-005
-5.400000000e-008,9.296875e-005
-5.380000000e-008,-0.00017734375
-5.360000000e-008,-0.0003
-5.340000000e-008,-0.00028828125
-5.320000000e-008,-0.000403125
-5.300000000e-008,-0.00021953125
-5.280000000e-008,-0.0002703125
-5.260000000e-008,-0.00043359375
-5.240000000e-008,8.828125e-005
-5.220000000e-008,-9.375e-005
-5.200000000e-008,0.0001828125
-5.180000000e-008,-0.00013125
-5.160000000e-008,-0.00031171875
-5.140000000e-008,-0.00020078125
-5.120000000e-008,-0.00021796875
-5.100000000e-008,-2.109375e-005
-5.080000000e-008,-8.984375e-005
-5.060000000e-008,-0.00019296875
-5.040000000e-008,-0.0002046875
-5.020000000e-008,-4.0625e-005
-5.000000000e-008,0.0001
-4.980000000e-008,8.59375e-005
-4.960000000e-008,0.0001984375
-4.940000000e-008,-0.00015625
-4.920000000e-008,-0.00060390625
-4.900000000e-008,-0.00031953125
-4.880000000e-008,-0.0001
-4.860000000e-008,-8.59375e-006
-4.840000000e-008,0.00040859375
-4.820000000e-008,1.5625e-005
-4.800000000e-008,-0.00020859375
-4.780000000e-008,-0.00020078125
-4.760000000e-008,1.796875e-005
-4.740000000e-008,0.00019375
-4.720000000e-008,0.000521875
-4.700000000e-008,0.0003921875
-4.680000000e-008,0.00028359375
-4.660000000e-008,0.0002
-4.640000000e-008,0.00034375
-4.620000000e-008,0.0005015625
-4.600000000e-008,0.000375
-4.580000000e-008,0.00029921875
-4.560000000e-008,0.0002859375
-4.540000000e-008,6.171875e-005
-4.520000000e-008,-8.203125e-005
-4.500000000e-008,0.0001140625
-4.480000000e-008,0.00010546875
-4.460000000e-008,-8.4375e-005
-4.440000000e-008,-0.0005765625
-4.420000000e-008,-0.00033828125
-4.400000000e-008,-6.71875e-005
-4.380000000e-008,2.578125e-005
-4.360000000e-008,5.3125e-005
-4.340000000e-008,-0.00021328125
-4.320000000e-008,-0.0002234375
-4.300000000e-008,-0.00016328125
-4.280000000e-008,0.0001875
-4.260000000e-008,-0.0002125
-4.240000000e-008,-8.828125e-005
-4.220000000e-008,-0.0003046875
-4.200000000e-008,-0.00043125
-4.180000000e-008,-0.00069921875
-4.160000000e-008,-0.0004296875
-4.140000000e-008,-0.000103125
-4.120000000e-008,-9.921875e-005
-4.100000000e-008,-3.90625e-006
-4.080000000e-008,-7.8125e-007
-4.060000000e-008,2.34375e-006
-4.040000000e-008,-0.00010078125
-4.020000000e-008,-0.00015859375
-4.000000000e-008,-0.0004953125
-3.980000000e-008,-0.00024140625
-3.960000000e-008,-0.00010703125
-3.940000000e-008,1.09375e-005
-3.920000000e-008,-0.00018359375
-3.900000000e-008,-0.0001453125
-3.880000000e-008,-2.1875e-005
-3.860000000e-008,0.000103125
-3.840000000e-008,-3.75e-005
-3.820000000e-008,-0.00021640625
-3.800000000e-008,-0.00011484375
-3.780000000e-008,-0.00021171875
-3.760000000e-008,-0.000503125
-3.740000000e-008,-0.00024375
-3.720000000e-008,-0.00021796875
-3.700000000e-008,0.00015
-3.680000000e-008,0.00011875
-3.660000000e-008,1.40625e-005
-3.640000000e-008,-0.000190625
-3.620000000e-008,-0.00038046875
-3.600000000e-008,-0.00050234375
-3.580000000e-008,-0.00032265625
-3.560000000e-008,-0.0001015625
-3.540000000e-008,-5.46875e-006
-3.520000000e-008,0.00020625
-3.500000000e-008,0.000390625
-3.480000000e-008,0.00039765625
-3.460000000e-008,0.00020234375
-3.440000000e-008,0.00030625
-3.420000000e-008,0.00040078125
-3.400000000e-008,-2.03125e-005
-3.380000000e-008,-0.00020078125
-3.360000000e-008,-0.00020546875
-3.340000000e-008,-0.00030078125
-3.320000000e-008,-0.0001890625
-3.300000000e-008,-9.453125e-005
-3.280000000e-008,2.734375e-005
-3.260000000e-008,8.984375e-005
-3.240000000e-008,-0.00015390625
-3.220000000e-008,-0.00017265625
-3.200000000e-008,0.0001453125
-3.180000000e-008,9.21875e-005
-3.160000000e-008,0.0001109375
-3.140000000e-008,-3.59375e-005
-3.120000000e-008,-0.000153125
-3.100000000e-008,0.00021640625
-3.080000000e-008,6.5625e-005
-3.060000000e-008,0.00010546875
-3.040000000e-008,-5.234375e-005
-3.020000000e-008,-5.9375e-005
-3.000000000e-008,0.000434375
-2.980000000e-008,0.00017890625
-2.960000000e-008,-3.125e-005
-2.940000000e-008,-0.000296875
-2.920000000e-008,-7.578125e-005
-2.900000000e-008,2.96875e-005
-2.880000000e-008,0.00030546875
-2.860000000e-008,9.921875e-005
-2.840000000e-008,0.0002
-2.820000000e-008,0.00010234375
-2.800000000e-008,0.0004609375
-2.780000000e-008,0.00069609375
-2.760000000e-008,0.00049765625
-2.740000000e-008,0.00049609375
-2.720000000e-008,-1.328125e-005
-2.700000000e-008,0.00019609375
-2.680000000e-008,0.0002984375
-2.660000000e-008,0.00020859375
-2.640000000e-008,-2.22346149e-020
-2.620000000e-008,-9.53125e-005
-2.600000000e-008,-0.00019921875
-2.580000000e-008,-0.00019140625
-2.560000000e-008,-0.0002140625
-2.540000000e-008,0.000203125
-2.520000000e-008,0.00048984375
-2.500000000e-008,0.0004984375
-2.480000000e-008,0.00045625
-2.460000000e-008,0.000125
-2.440000000e-008,0.00011015625
-2.420000000e-008,-0.000240625
-2.400000000e-008,-0.00031953125
-2.380000000e-008,-0.00013046875
-2.360000000e-008,8.046875e-005
-2.340000000e-008,0.0002109375
-2.320000000e-008,1.5625e-005
-2.300000000e-008,-7.65625e-005
-2.280000000e-008,-0.00030078125
-2.260000000e-008,-3.046875e-005
-2.240000000e-008,9.21875e-005
-2.220000000e-008,0.00047421875
-2.200000000e-008,0.0004171875
-2.180000000e-008,4.140625e-005
-2.160000000e-008,-0.0001109375
-2.140000000e-008,0.0001046875
-2.120000000e-008,-0.0001
-2.100000000e-008,0.0001890625
-2.080000000e-008,0.0001046875
-2.060000000e-008,0.00018984375
-2.040000000e-008,0.00019140625
-2.020000000e-008,-0.0001
-2.000000000e-008,0.00010546875
-1.980000000e-008,8.515625e-005
-1.960000000e-008,0.00050078125
-1.940000000e-008,0.00040234375
-1.920000000e-008,0.0002734375
-1.900000000e-008,-9.609375e-005
-1.880000000e-008,0.000309375
-1.860000000e-008,-2.34375e-006
-1.840000000e-008,0.00010390625
-1.820000000e-008,-3.125e-006
-1.800000000e-008,-0.00020703125
-1.780000000e-008,-0.0002
-1.760000000e-008,-0.00019609375
-1.740000000e-008,-0.00010390625
-1.720000000e-008,-0.0003078125
-1.700000000e-008,-8.828125e-005
-1.680000000e-008,0.000209375
-1.660000000e-008,0.00010234375
-1.640000000e-008,-1.5625e-006
-1.620000000e-008,-7.8125e-007
-1.600000000e-008,8.75e-005
-1.580000000e-008,-0.0002
-1.560000000e-008,6.25e-006
-1.540000000e-008,7.8125e-007
-1.520000000e-008,0.0001
-1.500000000e-008,0.00010546875
-1.480000000e-008,2.34375e-006
-1.460000000e-008,0.00029140625
-1.440000000e-008,0.0003953125
-1.420000000e-008,0.00021015625
-1.400000000e-008,0.0001078125
-1.380000000e-008,-0.00026640625
-1.360000000e-008,-0.0003171875
-1.340000000e-008,-2.265625e-005
-1.320000000e-008,9.0625e-005
-1.300000000e-008,0.0001234375
-1.280000000e-008,-0.0001953125
-1.260000000e-008,-8.59375e-006
-1.240000000e-008,-0.000184375
-1.220000000e-008,-3.828125e-005
-1.200000000e-008,0.00017109375
-1.180000000e-008,0.00054921875
-1.160000000e-008,0.0005640625
-1.140000000e-008,0.00014921875
-1.120000000e-008,1.328125e-005
-1.100000000e-008,-0.00029140625
-1.080000000e-008,-0.0001078125
-1.060000000e-008,-6.953125e-005
-1.040000000e-008,0.0004
-1.020000000e-008,5.15625e-005
-1.000000000e-008,5.46875e-006
-9.800000000e-009,3.75e-005
-9.600000000e-009,-0.00072734375
-9.400000000e-009,-0.00081171875
-9.200000000e-009,-0.00046953125
-9.000000000e-009,0.00018984375
-8.800000000e-009,0.00041328125
-8.600000000e-009,0.0004125
-8.400000000e-009,-0.0001515625
-8.200000000e-009,-0.000203125
-8.000000000e-009,0.0001109375
-7.800000000e-009,7.8125e-007
-7.600000000e-009,0.00012421875
-7.400000000e-009,0.000203125
-7.200000000e-009,0.00032578125
-7.000000000e-009,0.00039765625
-6.800000000e-009,0.0004546875
-6.600000000e-009,0.000809375
-6.400000000e-009,0.000540625
-6.200000000e-009,0.00016484375
-6.000000000e-009,-0.00015390625
-5.800000000e-009,-0.00032421875
-5.600000000e-009,-0.00036484375
-5.400000000e-009,-5.46875e-005
-5.200000000e-009,0.00016015625
-5.000000000e-009,0.000296875
-4.800000000e-009,0.0001640625
-4.600000000e-009,8.515625e-005
-4.400000000e-009,-2.03125e-005
-4.200000000e-009,-0.000125
-4.000000000e-009,-0.0001796875
-3.800000000e-009,2.34375e-005
-3.600000000e-009,0.00012265625
-3.400000000e-009,0.00020078125
-3.200000000e-009,0.00020234375
-3.000000000e-009,0.000315625
-2.800000000e-009,0.0003828125
-2.600000000e-009,0.0003015625
-2.400000000e-009,0.00038515625
-2.200000000e-009,-9.375e-005
-2.000000000e-009,-0.00038125
-1.800000000e-009,-6.25e-006
-1.600000000e-009,6.25e-006
-1.400000000e-009,0.00019765625
-1.200000000e-009,9.140625e-005
-1.000000000e-009,0.0001015625
-8.000000000e-010,-7.8125e-007
-6.000000000e-010,3.046875e-005
-4.000000000e-010,-0.00037578125
-2.000000000e-010,-0.00043125
0.000000000e+000,-0.0001296875
2.000000000e-010,0.00012578125
4.000000000e-010,-0.000175
6.000000000e-010,-0.00021171875
8.000000000e-010,-0.0003375
1.000000000e-009,-0.00056484375
1.200000000e-009,-0.00012578125
1.400000000e-009,0.00018359375
1.600000000e-009,0.00021953125
1.800000000e-009,6.015625e-005
2.000000000e-009,-0.00015703125
2.200000000e-009,-0.00037578125
2.400000000e-009,0.000228125
2.600000000e-009,0.00025
2.800000000e-009,0.0001
3.000000000e-009,3.046875e-005
3.200000000e-009,-0.00019765625
3.400000000e-009,-9.84375e-005
3.600000000e-009,-0.00038125
3.800000000e-009,-0.00060546875
4.000000000e-009,-0.00040390625
4.200000000e-009,-0.0003
4.400000000e-009,-0.00029921875
4.600000000e-009,-0.00030234375
4.800000000e-009,-0.00030078125
5.000000000e-009,-0.0003984375
5.200000000e-009,-0.00029140625
5.400000000e-009,-0.0001
5.600000000e-009,-0.0003015625
5.800000000e-009,-9.6875e-005
6.000000000e-009,-9.765625e-005
6.200000000e-009,0.00010546875
6.400000000e-009,0.00020703125
6.600000000e-009,0.00042421875
6.800000000e-009,0.00055546875
7.000000000e-009,6.484375e-005
7.200000000e-009,-2.96875e-005
7.400000000e-009,-0.0001890625
7.600000000e-009,2.8125e-005
7.800000000e-009,9.375e-006
8.000000000e-009,8.125e-005
8.200000000e-009,-0.000359375
8.400000000e-009,-0.00072890625
8.600000000e-009,-0.0007
8.800000000e-009,-0.00066015625
9.000000000e-009,-0.00025
9.200000000e-009,2.1875e-005
9.400000000e-009,-1.015625e-005
9.600000000e-009,-0.00012109375
9.800000000e-009,-0.0002015625
1.000000000e-008,-0.000203125
1.020000000e-008,-0.00019296875
1.040000000e-008,3.671875e-005
1.060000000e-008,8.515625e-005
1.080000000e-008,-0.00013671875
1.100000000e-008,-0.00031328125
1.120000000e-008,-0.0003375
1.140000000e-008,9.53125e-005
1.160000000e-008,-0.0003046875
1.180000000e-008,0.0001078125
1.200000000e-008,-0.00011640625
1.220000000e-008,7.8125e-007
1.240000000e-008,-0.00010859375
1.260000000e-008,-0.0002
1.280000000e-008,-0.000303125
1.300000000e-008,-0.00039140625
1.320000000e-008,-0.0004
1.340000000e-008,0.00018203125
1.360000000e-008,0.00029375
1.380000000e-008,0.00061484375
1.400000000e-008,0.0001375
1.420000000e-008,-5e-005
1.440000000e-008,-0.0003328125
1.460000000e-008,0.00023203125
1.480000000e-008,5.625e-005
1.500000000e-008,0.00016328125
1.520000000e-008,0.00012265625
1.540000000e-008,1.640625e-005
1.560000000e-008,-9.84375e-005
1.580000000e-008,5.546875e-005
1.600000000e-008,0.00021328125
1.620000000e-008,-7.65625e-005
1.640000000e-008,-9.921875e-005
1.660000000e-008,-0.0003484375
1.680000000e-008,-0.0006921875
1.700000000e-008,-0.00061171875
1.720000000e-008,-0.00051015625
1.740000000e-008,-0.0001109375
1.760000000e-008,-0.00028984375
1.780000000e-008,-0.0002234375
1.800000000e-008,-1.640625e-005
1.820000000e-008,0.00028515625
1.840000000e-008,0.00030078125
1.860000000e-008,0.0003875
1.880000000e-008,0.00050703125
1.900000000e-008,0.00020390625
1.920000000e-008,0.0002984375
1.940000000e-008,8.59375e-006
1.960000000e-008,-7.8125e-007
1.980000000e-008,-0.0001828125
2.000000000e-008,-0.00019921875
2.020000000e-008,0.000103125
2.040000000e-008,-0.0004140625
2.060000000e-008,-9.21875e-005
2.080000000e-008,5.46875e-006
2.100000000e-008,0.00030234375
2.120000000e-008,0.00039453125
2.140000000e-008,9.6875e-005
2.160000000e-008,0.000103125
2.180000000e-008,0.00010078125
2.200000000e-008,0.00019921875
2.220000000e-008,-1.40625e-005
2.240000000e-008,-0.0001984375
2.260000000e-008,-0.00010234375
2.280000000e-008,-0.00031796875
2.300000000e-008,-0.00030234375
2.320000000e-008,-9.140625e-005
2.340000000e-008,0.0002984375
2.360000000e-008,0.00019140625
2.380000000e-008,0.0002
2.400000000e-008,0.000196875
2.420000000e-008,-7.1875e-005
2.440000000e-008,-0.0004
2.460000000e-008,-0.00010703125
2.480000000e-008,1.171875e-005
2.500000000e-008,0.00049765625
2.520000000e-008,8.671875e-005
2.540000000e-008,0.0002609375
2.560000000e-008,0.000409375
2.580000000e-008,-5.9375e-005
2.600000000e-008,-0.0002015625
2.620000000e-008,-0.00021015625
2.640000000e-008,-2.03125e-005
2.660000000e-008,9.140625e-005
2.680000000e-008,0.00019453125
2.700000000e-008,0.00021484375
2.720000000e-008,9.53125e-005
2.740000000e-008,0.00028203125
2.760000000e-008,0.00029140625
2.780000000e-008,0.000434375
2.800000000e-008,-3.671875e-005
2.820000000e-008,-9.609375e-005
2.840000000e-008,-0.00028671875
2.860000000e-008,-0.000228125
2.880000000e-008,-0.0001078125
2.900000000e-008,1.171875e-005
2.920000000e-008,-0.0001
2.940000000e-008,8.203125e-005
2.960000000e-008,0.0001
2.980000000e-008,0.00019453125
3.000000000e-008,0.00019765625
3.020000000e-008,0.00010703125
3.040000000e-008,-0.000115625
3.060000000e-008,-0.00020546875
3.080000000e-008,0.0002421875
3.100000000e-008,0.00030546875
3.120000000e-008,7.265625e-005
3.140000000e-008,-0.0001984375
3.160000000e-008,-0.0002984375
3.180000000e-008,-0.00010625
3.200000000e-008,0.0002484375
3.220000000e-008,0.00028828125
3.240000000e-008,0.000115625
3.260000000e-008,0.00029375
3.280000000e-008,-3.125e-005
3.300000000e-008,0.000103125
3.320000000e-008,-1.25e-005
3.340000000e-008,-7.8125e-007
3.360000000e-008,2.578125e-005
3.380000000e-008,8.515625e-005
3.400000000e-008,4.296875e-005
3.420000000e-008,0.00031015625
3.440000000e-008,0.00016875
3.460000000e-008,5.9375e-005
3.480000000e-008,-8.90625e-005
3.500000000e-008,-2.34375e-005
3.520000000e-008,-0.0001953125
3.540000000e-008,1.875e-005
3.560000000e-008,-6.25e-006
3.580000000e-008,-0.00014765625
3.600000000e-008,-0.00021484375
3.620000000e-008,0.00019140625
3.640000000e-008,5e-005
3.660000000e-008,0.00048984375
3.680000000e-008,5.3125e-005
3.700000000e-008,0.0003
3.720000000e-008,8.046875e-005
3.740000000e-008,0.00010078125
3.760000000e-008,-0.00011484375
3.780000000e-008,-1.5625e-006
3.800000000e-008,1.40625e-005
3.820000000e-008,0.00028984375
3.840000000e-008,0.00028828125
3.860000000e-008,0.00010546875
3.880000000e-008,-0.0001015625
3.900000000e-008,-9.6875e-005
3.920000000e-008,-0.000109375
3.940000000e-008,9.53125e-005
3.960000000e-008,-2.22346149e-020
3.980000000e-008,0.00018359375
4.000000000e-008,2.8125e-005
4.020000000e-008,-0.00011640625
4.040000000e-008,-2.265625e-005
4.060000000e-008,8.671875e-005
4.080000000e-008,0.00015234375
4.100000000e-008,0.00043671875
4.120000000e-008,0.0004578125
4.140000000e-008,0.00026328125
4.160000000e-008,1.640625e-005
4.180000000e-008,6.953125e-005
4.200000000e-008,0.00017265625
4.220000000e-008,0.0004
4.240000000e-008,0.00021171875
4.260000000e-008,0.00022109375
4.280000000e-008,-0.0001828125
4.300000000e-008,-0.00031015625
4.320000000e-008,-0.0002953125
4.340000000e-008,-0.00040703125
4.360000000e-008,-0.00020234375
4.380000000e-008,-0.0001984375
4.400000000e-008,-9.296875e-005
4.420000000e-008,0.00028828125
4.440000000e-008,0.00019765625
4.460000000e-008,0.00010078125
4.480000000e-008,0.00010390625
4.500000000e-008,0.00029921875
4.520000000e-008,0.00018359375
4.540000000e-008,-0.0001015625
4.560000000e-008,2.34375e-006
4.580000000e-008,-0.0001015625
4.600000000e-008,1.328125e-005
4.620000000e-008,0.0001015625
4.640000000e-008,0.00010546875
4.660000000e-008,8.4375e-005
4.680000000e-008,2.734375e-005
4.700000000e-008,0.0003203125
4.720000000e-008,0.0004390625
4.740000000e-008,0.0004765625
4.760000000e-008,-1.25e-005
4.780000000e-008,-0.00032109375
4.800000000e-008,-0.0003890625
4.820000000e-008,-0.00029375
4.840000000e-008,-0.0002953125
4.860000000e-008,-5.625e-005
4.880000000e-008,0.0002046875
4.900000000e-008,-2.109375e-005
4.920000000e-008,5.46875e-005
4.940000000e-008,0.00029609375
4.960000000e-008,9.453125e-005
4.980000000e-008,8.515625e-005
5.000000000e-008,-0.00020625
5.020000000e-008,7.03125e-006
5.040000000e-008,-0.00012265625
5.060000000e-008,-0.00021328125
5.080000000e-008,-0.00052421875
5.100000000e-008,-0.00039375
5.120000000e-008,-0.00030625
5.140000000e-008,-0.0002890625
5.160000000e-008,0.000140625
5.180000000e-008,0.00039921875
5.200000000e-008,0.0002890625
5.220000000e-008,0.00010078125
5.240000000e-008,-0.00011015625
5.260000000e-008,-0.00020390625
5.280000000e-008,-2.22346149e-020
5.300000000e-008,9.84375e-005
5.320000000e-008,0.00010234375
5.340000000e-008,-0.00011015625
5.360000000e-008,-0.0007609375
5.380000000e-008,-0.000859375
5.400000000e-008,-0.0005515625
5.420000000e-008,-0.00032421875
5.440000000e-008,-0.0002890625
5.460000000e-008,-0.0003125
5.480000000e-008,-0.00019765625
5.500000000e-008,-0.00030390625
5.520000000e-008,-4.765625e-005
5.540000000e-008,0.000275
5.560000000e-008,0.0003125
5.580000000e-008,0.0001171875
5.600000000e-008,9.609375e-005
5.620000000e-008,0.00010390625
5.640000000e-008,1.25e-005
5.660000000e-008,-0.0001203125
5.680000000e-008,0.000284375
5.700000000e-008,0.00051015625
5.720000000e-008,0.00030859375
5.740000000e-008,0.00021875
5.760000000e-008,7.03125e-006
5.780000000e-008,8.90625e-005
5.800000000e-008,0.00019921875
5.820000000e-008,0.00030234375
5.840000000e-008,0.00011015625
5.860000000e-008,-9.375e-005
5.880000000e-008,-0.00020390625
5.900000000e-008,-0.0002984375
5.920000000e-008,-0.00018828125
5.940000000e-008,8.828125e-005
5.960000000e-008,9.921875e-005
5.980000000e-008,-9.609375e-005
6.000000000e-008,-0.00019921875
6.020000000e-008,-9.6875e-005
6.040000000e-008,-0.00011015625
6.060000000e-008,-0.0002
6.080000000e-008,6.25e-006
6.100000000e-008,-2.34375e-006
6.120000000e-008,-0.0002109375
6.140000000e-008,-0.00030078125
6.160000000e-008,-0.000396875
6.180000000e-008,2.421875e-005
6.200000000e-008,0.00028359375
6.220000000e-008,-0.00010390625
6.240000000e-008,-1.5625e-006
6.260000000e-008,-0.0002953125
6.280000000e-008,-0.00019296875
6.300000000e-008,9.84375e-005
6.320000000e-008,0.00020078125
6.340000000e-008,0.00010078125
6.360000000e-008,-0.00010625
6.380000000e-008,-0.00029140625
6.400000000e-008,-0.0004
6.420000000e-008,-0.0003109375
6.440000000e-008,0.0001171875
6.460000000e-008,0.00050078125
6.480000000e-008,8.4375e-005
6.500000000e-008,-1.25e-005
6.520000000e-008,7.03125e-006
6.540000000e-008,-0.000290625
6.560000000e-008,-3.90625e-005
6.580000000e-008,0.0003140625
6.600000000e-008,6.25e-006
6.620000000e-008,0.00020078125
6.640000000e-008,-0.0001765625
6.660000000e-008,-0.0002234375
6.680000000e-008,-0.00010625
6.700000000e-008,-2.03125e-005
6.720000000e-008,0.00017421875
6.740000000e-008,0.00038515625
6.760000000e-008,0.00039921875
6.780000000e-008,0.00035546875
6.800000000e-008,-7.265625e-005
6.820000000e-008,-0.0002375
6.840000000e-008,8.671875e-005
6.860000000e-008,0.00030859375
6.880000000e-008,0.00079921875
6.900000000e-008,0.00038046875
6.920000000e-008,-0.00011796875
6.940000000e-008,-0.00057421875
6.960000000e-008,-0.00080234375
6.980000000e-008,-0.00070859375
7.000000000e-008,-0.00048359375
7.020000000e-008,-0.00010859375
7.040000000e-008,0.00021953125
7.060000000e-008,0.00020546875
7.080000000e-008,-2.34375e-005
7.100000000e-008,-0.0001015625
7.120000000e-008,-3.125e-006
7.140000000e-008,-0.00010078125
7.160000000e-008,9.375e-006
7.180000000e-008,-0.0001078125
7.200000000e-008,-5.859375e-005
7.220000000e-008,0.000203125
7.240000000e-008,7.34375e-005
7.260000000e-008,0.00023203125
7.280000000e-008,0.00049609375
7.300000000e-008,0.0001671875
7.320000000e-008,-1.796875e-005
7.340000000e-008,-0.00012109375
7.360000000e-008,-0.00016640625
7.380000000e-008,-4.6875e-006
7.400000000e-008,-8.828125e-005
7.420000000e-008,-2.5e-005
7.440000000e-008,-0.0002078125
7.460000000e-008,-0.00010234375
7.480000000e-008,-3.125e-005
7.500000000e-008,0.000175
7.520000000e-008,-0.00016484375
7.540000000e-008,-0.0002296875
7.560000000e-008,-0.00055625
7.580000000e-008,-0.00048046875
7.600000000e-008,-0.00011484375
7.620000000e-008,0.0002078125
7.640000000e-008,0.00021328125
7.660000000e-008,0.00029765625
7.680000000e-008,7.578125e-005
7.700000000e-008,7.8125e-007
7.720000000e-008,-9.21875e-005
7.740000000e-008,9.765625e-005
7.760000000e-008,0.0001046875
7.780000000e-008,0.0002015625
7.800000000e-008,9.53125e-005
7.820000000e-008,0.000196875
7.840000000e-008,0.000303125
7.860000000e-008,0.00042734375
7.880000000e-008,0.00011015625
7.900000000e-008,0.0001953125
7.920000000e-008,1.953125e-005
7.940000000e-008,-2.34375e-005
7.960000000e-008,1.015625e-005
7.980000000e-008,-0.0001703125
8.000000000e-008,-8.28125e-005
8.020000000e-008,0.000384375
8.040000000e-008,0.0001671875
8.060000000e-008,0.000190625
8.080000000e-008,0.00036015625
8.100000000e-008,0.00011171875
8.120000000e-008,0.00026953125
8.140000000e-008,0.0002390625
8.160000000e-008,0.00025703125
8.180000000e-008,0.000640625
8.200000000e-008,0.0008046875
8.220000000e-008,0.0007125
8.240000000e-008,0.00060546875
8.260000000e-008,0.0003484375
8.280000000e-008,-8.90625e-005
8.300000000e-008,-0.00010859375
8.320000000e-008,-3.125e-006
8.340000000e-008,0.000196875
8.360000000e-008,9.453125e-005
8.380000000e-008,-0.00028359375
8.400000000e-008,-0.00040078125
8.420000000e-008,-0.00059921875
8.440000000e-008,-0.00039296875
8.460000000e-008,-0.00030078125
8.480000000e-008,-0.00019296875
8.500000000e-008,-0.0001
8.520000000e-008,-0.0002078125
8.540000000e-008,-9.296875e-005
8.560000000e-008,0.00010625
8.580000000e-008,0.0002203125
8.600000000e-008,0.00050703125
8.620000000e-008,0.0001484375
8.640000000e-008,-0.00012890625
8.660000000e-008,-7.734375e-005
8.680000000e-008,0.0001296875
8.700000000e-008,0.00021796875
8.720000000e-008,0.00025546875
8.740000000e-008,-0.000128125
8.760000000e-008,-0.00020625
8.780000000e-008,-0.00031953125
8.800000000e-008,-0.00040859375
8.820000000e-008,-0.0002703125
8.840000000e-008,-0.00010078125
8.860000000e-008,-0.00020234375
8.880000000e-008,-0.00022734375
8.900000000e-008,-0.0005140625
8.920000000e-008,-0.0006140625
8.940000000e-008,-0.0005765625
8.960000000e-008,-0.0001875
8.980000000e-008,-0.00041015625
9.000000000e-008,-0.00027734375
9.020000000e-008,-0.000409375
9.040000000e-008,-0.00034140625
9.060000000e-008,0.00010390625
9.080000000e-008,-3.125e-006
9.100000000e-008,0.00031953125
9.120000000e-008,0.00036171875
9.140000000e-008,-0.0002015625
9.160000000e-008,-8.984375e-005
9.180000000e-008,-0.0001984375
9.200000000e-008,-0.00040234375
9.220000000e-008,-0.000303125
9.240000000e-008,-0.0002
9.260000000e-008,0.00018828125
9.280000000e-008,0.000109375
9.300000000e-008,1.171875e-005
9.320000000e-008,-9.296875e-005
9.340000000e-008,-0.0001671875
9.360000000e-008,-0.0003140625
9.380000000e-008,-4.6875e-006
9.400000000e-008,0.0002875
9.420000000e-008,0.000296875
9.440000000e-008,0.00031484375
9.460000000e-008,0.00010546875
9.480000000e-008,0.000278125
9.500000000e-008,0.00030234375
9.520000000e-008,0.0003109375
9.540000000e-008,0.0001046875
9.560000000e-008,0.0002765625
9.580000000e-008,0.0002421875
9.600000000e-008,-0.00018046875
9.620000000e-008,-0.00022578125
9.640000000e-008,-4.6875e-006
9.660000000e-008,1.09375e-005
9.680000000e-008,-9.921875e-005
9.700000000e-008,-8.75e-005
9.720000000e-008,-0.0002890625
9.740000000e-008,-0.00030703125
9.760000000e-008,-0.00020078125
9.780000000e-008,-9.609375e-005
9.800000000e-008,-0.00020234375
9.820000000e-008,-6.25e-006
9.840000000e-008,-0.00010625
9.860000000e-008,-0.0001984375
9.880000000e-008,-0.00019765625
9.900000000e-008,-0.0001078125
9.920000000e-008,-2.22346149e-020
9.940000000e-008,-7.8125e-007
9.960000000e-008,-1.015625e-005
9.980000000e-008,-0.00020234375
1.000000000e-007,-0.000203125
1.002000000e-007,-0.0004015625
1.004000000e-007,-0.00049921875
1.006000000e-007,-0.00050234375
1.008000000e-007,-0.00058203125
1.010000000e-007,-9.453125e-005
1.012000000e-007,-0.0001046875
1.014000000e-007,-9.921875e-005
1.016000000e-007,-0.00021796875
1.018000000e-007,-0.0004015625
1.020000000e-007,-0.0001609375
1.022000000e-007,5.46875e-006
1.024000000e-007,-0.00040234375
1.026000000e-007,-0.00010234375
1.028000000e-007,0.000215625
1.030000000e-007,0.0003
1.032000000e-007,0.0002
1.034000000e-007,0.0002125
1.036000000e-007,-0.0001015625
1.038000000e-007,-0.0001015625
1.040000000e-007,-0.00020703125
1.042000000e-007,-0.000303125
1.044000000e-007,1.171875e-005
1.046000000e-007,-4.609375e-005
1.048000000e-007,-0.0005078125
1.050000000e-007,8.359375e-005
1.052000000e-007,-0.00019609375
1.054000000e-007,0.0003421875
1.056000000e-007,0.0004203125
1.058000000e-007,0.000315625
1.060000000e-007,0.00010546875
1.062000000e-007,0.0001203125
1.064000000e-007,-0.00011171875
1.066000000e-007,0.00020703125
1.068000000e-007,-0.000184375
1.070000000e-007,0.0002171875
1.072000000e-007,0.00019140625
1.074000000e-007,-0.00019921875
1.076000000e-007,-1.171875e-005
1.078000000e-007,-7.8125e-007
1.080000000e-007,0.00018046875
1.082000000e-007,0.0003453125
1.084000000e-007,-1.5625e-006
1.086000000e-007,7.8125e-006
1.088000000e-007,-0.00020703125
1.090000000e-007,-0.0002078125
1.092000000e-007,-8.90625e-005
1.094000000e-007,0.0001078125
1.096000000e-007,-8.984375e-005
1.098000000e-007,0.0003015625
1.100000000e-007,-0.00025625
1.102000000e-007,-0.00030234375
1.104000000e-007,-0.00041875
1.106000000e-007,-0.00040078125
1.108000000e-007,5.390625e-005
1.110000000e-007,0.00039765625
1.112000000e-007,0.00037109375
1.114000000e-007,0.00019921875
1.116000000e-007,0.000178125
1.118000000e-007,-7.8125e-007
1.120000000e-007,0.000109375
1.122000000e-007,0.0001109375
1.124000000e-007,0.00031328125
1.126000000e-007,0.00018046875
1.128000000e-007,0.00011640625
1.130000000e-007,0.00019453125
1.132000000e-007,8.59375e-005
1.134000000e-007,0.00023671875
1.136000000e-007,0.00025
1.138000000e-007,0.0001234375
1.140000000e-007,0.0002953125
1.142000000e-007,8.828125e-005
1.144000000e-007,6.796875e-005
1.146000000e-007,-0.0001
1.148000000e-007,2.03125e-005
1.150000000e-007,4.6875e-006
1.152000000e-007,-6.015625e-005
1.154000000e-007,-0.00041796875
1.156000000e-007,-0.00052265625
1.158000000e-007,-0.000465625
1.160000000e-007,0.00012265625
1.162000000e-007,0.0004046875
1.164000000e-007,0.00050234375
1.166000000e-007,0.0004015625
1.168000000e-007,0.000290625
1.170000000e-007,0.0003
1.172000000e-007,0.000309375
1.174000000e-007,0.00031328125
1.176000000e-007,0.0001078125
1.178000000e-007,0.00049375
1.180000000e-007,0.00039609375
1.182000000e-007,0.0003171875
1.184000000e-007,0.00019453125
1.186000000e-007,0.0003984375
1.188000000e-007,0.0002109375
1.190000000e-007,0.0002875
1.192000000e-007,0.00012890625
1.194000000e-007,-3.984375e-005
1.196000000e-007,0.00023203125
1.198000000e-007,0.00045
1.200000000e-007,0.00021015625
1.202000000e-007,0.0004296875
1.204000000e-007,0.0003890625
1.206000000e-007,0.00011796875
1.208000000e-007,-0.00044765625
1.210000000e-007,-0.00037890625
1.212000000e-007,-6.953125e-005
1.214000000e-007,0.0005453125
1.216000000e-007,0.00050625
1.218000000e-007,0.00068671875
1.220000000e-007,0.00051015625
1.222000000e-007,0.00041875
1.224000000e-007,2.34375e-005
1.226000000e-007,-0.00038671875
1.228000000e-007,-0.00040234375
1.230000000e-007,-0.00020859375
1.232000000e-007,1.5625e-006
1.234000000e-007,-0.00010078125
1.236000000e-007,-7.8125e-007
1.238000000e-007,-9.921875e-005
1.240000000e-007,0.0001109375
1.242000000e-007,0.0003
1.244000000e-007,-1.25e-005
1.246000000e-007,-0.0001015625
1.248000000e-007,-0.0002
1.250000000e-007,-9.84375e-005
1.252000000e-007,-9.296875e-005
1.254000000e-007,0.00011328125
1.256000000e-007,0.00036484375
1.258000000e-007,0.0004484375
1.260000000e-007,-2.22346149e-020
1.262000000e-007,0.00041875
1.264000000e-007,0.0002671875
1.266000000e-007,0.00029453125
1.268000000e-007,0.00019296875
1.270000000e-007,0.00018828125
1.272000000e-007,0.0001140625
1.274000000e-007,0.00032265625
1.276000000e-007,0.00042890625
1.278000000e-007,0.000359375
1.280000000e-007,-3.90625e-005
1.282000000e-007,3.90625e-006
1.284000000e-007,-0.0001390625
1.286000000e-007,-0.00018671875
1.288000000e-007,-5.46875e-006
1.290000000e-007,-0.00020234375
1.292000000e-007,-7.96875e-005
1.294000000e-007,0.00015234375
1.296000000e-007,0.0006515625
1.298000000e-007,0.0006
1.300000000e-007,0.000553125
1.302000000e-007,9.53125e-005
1.304000000e-007,0.00035625
1.306000000e-007,0.0006
1.308000000e-007,0.0004984375
1.310000000e-007,0.00049765625
1.312000000e-007,0.00030234375
1.314000000e-007,0.0004984375
1.316000000e-007,0.00017734375
1.318000000e-007,-9.375e-006
1.320000000e-007,0.0003
1.322000000e-007,0.0002953125
1.324000000e-007,0.00049921875
1.326000000e-007,0.00024765625
1.328000000e-007,0.00010703125
1.330000000e-007,-6.25e-005
1.332000000e-007,-0.00012734375
1.334000000e-007,0.00013203125
1.336000000e-007,0.00035703125
1.338000000e-007,0.00050703125
1.340000000e-007,0.0002484375
1.342000000e-007,-8.90625e-005
1.344000000e-007,-1.09375e-005
1.346000000e-007,6.25e-005
1.348000000e-007,0.0003890625
1.350000000e-007,0.0002234375
1.352000000e-007,0.00012421875
1.354000000e-007,-0.0003515625
1.356000000e-007,-0.00050078125
1.358000000e-007,-0.00049765625
1.360000000e-007,-0.0004109375
1.362000000e-007,-1.71875e-005
1.364000000e-007,-3.125e-006
1.366000000e-007,0.00019921875
1.368000000e-007,9.53125e-005
1.370000000e-007,0.00030703125
1.372000000e-007,-9.84375e-005
1.374000000e-007,-1.875e-005
1.376000000e-007,0.00010546875
1.378000000e-007,-9.765625e-005
1.380000000e-007,2.34375e-006
1.382000000e-007,-0.0001890625
1.384000000e-007,-0.000296875
1.386000000e-007,-0.0001125
1.388000000e-007,0.0001015625
1.390000000e-007,0.0003015625
1.392000000e-007,-1.5625e-005
1.394000000e-007,1.5625e-006
1.396000000e-007,-0.00011328125
1.398000000e-007,-0.0002
1.400000000e-007,-9.6875e-005
1.402000000e-007,-0.0001015625
1.404000000e-007,-8.984375e-005
1.406000000e-007,0.00010234375
1.408000000e-007,0.0001015625
1.410000000e-007,0.0003109375
1.412000000e-007,0.000390625
1.414000000e-007,0.000196875
1.416000000e-007,0.0001921875
1.418000000e-007,2.34375e-006
1.420000000e-007,-0.00010546875
1.422000000e-007,-0.00030078125
1.424000000e-007,1.640625e-005
1.426000000e-007,-9.921875e-005
1.428000000e-007,-0.000190625
1.430000000e-007,0.00019765625
1.432000000e-007,-2.22346149e-020
1.434000000e-007,0.0001984375
1.436000000e-007,-0.00011484375
1.438000000e-007,-0.00039765625
1.440000000e-007,-0.000403125
1.442000000e-007,-0.00051015625
1.444000000e-007,-0.000209375
1.446000000e-007,-0.00017421875
1.448000000e-007,-0.000396875
1.450000000e-007,-0.00023515625
1.452000000e-007,1.5625e-006
1.454000000e-007,-0.00010234375
1.456000000e-007,8.828125e-005
1.458000000e-007,4.140625e-005
1.460000000e-007,-0.00028828125
1.462000000e-007,-0.00021015625
1.464000000e-007,-0.00028984375
1.466000000e-007,-0.0002953125
1.468000000e-007,-0.000390625
1.470000000e-007,-0.00032890625
1.472000000e-007,-0.00020625
1.474000000e-007,-0.00012421875
1.476000000e-007,-2.22346149e-020
1.478000000e-007,-4.296875e-005
1.480000000e-007,0.00030078125
1.482000000e-007,0.00021328125
1.484000000e-007,0.00019609375
1.486000000e-007,-0.00015
1.488000000e-007,-0.00070546875
1.490000000e-007,-0.00049921875
1.492000000e-007,-0.00069609375
1.494000000e-007,-0.00011171875
1.496000000e-007,9.6875e-005
1.498000000e-007,5.46875e-006
1.500000000e-007,-9.53125e-005
1.502000000e-007,7.8125e-007
1.504000000e-007,-8.90625e-005
1.506000000e-007,0.000196875
1.508000000e-007,0.00020078125
1.510000000e-007,0.00018984375
1.512000000e-007,-0.000134375
1.514000000e-007,-0.0002078125
1.516000000e-007,-0.0002484375
1.518000000e-007,9.609375e-005
1.520000000e-007,-8.984375e-005
1.522000000e-007,0.00020703125
1.524000000e-007,9.609375e-005
1.526000000e-007,0.000190625
1.528000000e-007,-5.859375e-005
1.530000000e-007,-0.0002359375
1.532000000e-007,-0.00023046875
1.534000000e-007,0.0001265625
1.536000000e-007,9.765625e-005
1.538000000e-007,7.1875e-005
1.540000000e-007,-0.00010859375
1.542000000e-007,0.00015859375
1.544000000e-007,0.00026171875
1.546000000e-007,-2.5e-005
1.548000000e-007,-0.0001484375
1.550000000e-007,-0.00028828125
1.552000000e-007,-8.90625e-005
1.554000000e-007,-7.734375e-005
1.556000000e-007,0.0004015625
1.558000000e-007,0.00038984375
1.560000000e-007,-3.90625e-005
1.562000000e-007,-0.0001984375
1.564000000e-007,-0.00039765625
1.566000000e-007,-0.00010625
1.568000000e-007,-0.00011875
1.570000000e-007,-0.000203125
1.572000000e-007,-9.296875e-005
1.574000000e-007,-9.921875e-005
1.576000000e-007,-9.84375e-005
1.578000000e-007,-1.25e-005
1.580000000e-007,9.140625e-005
1.582000000e-007,0.000271875
1.584000000e-007,0.000403125
1.586000000e-007,0.000303125
1.588000000e-007,0.000390625
1.590000000e-007,0.00034453125
1.592000000e-007,0.00020859375
1.594000000e-007,0.000159375
1.596000000e-007,-3.515625e-005
1.598000000e-007,0.0003234375
1.600000000e-007,-0.00013984375
1.602000000e-007,-0.00025078125
1.604000000e-007,-0.00014453125
1.606000000e-007,0.000484375
1.608000000e-007,0.0006078125
1.610000000e-007,0.00069609375
1.612000000e-007,0.00044296875
1.614000000e-007,3.359375e-005
1.616000000e-007,-0.00018828125
1.618000000e-007,-0.0005671875
1.620000000e-007,-0.0007015625
1.622000000e-007,-0.000621875
1.624000000e-007,-0.00020703125
1.626000000e-007,0.00018828125
1.628000000e-007,0.0004015625
1.630000000e-007,0.00013125
1.632000000e-007,-9.921875e-005
1.634000000e-007,-9.84375e-005
1.636000000e-007,-0.0002046875
1.638000000e-007,-0.0003
1.640000000e-007,-0.00028984375
1.642000000e-007,-0.0001
1.644000000e-007,-0.00018046875
1.646000000e-007,0.00030625
1.648000000e-007,0.00019375
1.650000000e-007,0.000303125
1.652000000e-007,0.00031796875
1.654000000e-007,0.000378125
1.656000000e-007,6.09375e-005
1.658000000e-007,0.0001109375
1.660000000e-007,7.03125e-005
1.662000000e-007,7.03125e-006
1.664000000e-007,0.00010078125
1.666000000e-007,-0.0001328125
1.668000000e-007,-0.000303125
1.670000000e-007,-0.00018359375
1.672000000e-007,-6.09375e-005
1.674000000e-007,0.0001078125
1.676000000e-007,0.0001015625
1.678000000e-007,8.984375e-005
1.680000000e-007,5.46875e-006
1.682000000e-007,9.921875e-005
1.684000000e-007,-0.000134375
1.686000000e-007,-0.000290625
1.688000000e-007,-9.21875e-005
1.690000000e-007,-7.03125e-005
1.692000000e-007,0.0003515625
1.694000000e-007,0.00018671875
1.696000000e-007,-3.046875e-005
1.698000000e-007,-0.00020234375
1.700000000e-007,-5.46875e-005
1.702000000e-007,0.000196875
1.704000000e-007,-2.22346149e-020
1.706000000e-007,0.0002015625
1.708000000e-007,-0.00013515625
1.710000000e-007,-0.0006984375
1.712000000e-007,-0.0005875
1.714000000e-007,-0.00040625
1.716000000e-007,-0.0002
1.718000000e-007,-9.140625e-005
1.720000000e-007,-0.00039375
1.722000000e-007,-0.0002515625
1.724000000e-007,-9.296875e-005
1.726000000e-007,-0.0002265625
1.728000000e-007,0.00012421875
1.730000000e-007,0.00033125
1.732000000e-007,0.00014140625
1.734000000e-007,-5.15625e-005
1.736000000e-007,-0.00038828125
1.738000000e-007,-0.00016953125
1.740000000e-007,0.000165625
1.742000000e-007,0.0004078125
1.744000000e-007,0.00020859375
1.746000000e-007,0.00023125
1.748000000e-007,-0.0003390625
1.750000000e-007,-0.00054140625
1.752000000e-007,-0.0001984375
1.754000000e-007,-0.00048515625
1.756000000e-007,-0.00021484375
1.758000000e-007,-6.328125e-005
1.760000000e-007,-0.0004953125
1.762000000e-007,-0.00036796875
1.764000000e-007,-0.00088828125
1.766000000e-007,-0.000446875
1.768000000e-007,-0.0002
1.770000000e-007,-9.375e-006
1.772000000e-007,2.34375e-006
1.774000000e-007,-9.609375e-005
1.776000000e-007,-0.00020625
1.778000000e-007,-0.0003078125
1.780000000e-007,8.59375e-006
1.782000000e-007,-4.6875e-006
1.784000000e-007,0.0002
1.786000000e-007,0.00010390625
1.788000000e-007,-0.0001109375
1.790000000e-007,-0.0002015625
1.792000000e-007,-0.0003046875
1.794000000e-007,-0.00029921875
1.796000000e-007,-0.00030234375
1.798000000e-007,-0.0005046875
1.800000000e-007,-0.0006953125
1.802000000e-007,-0.00039296875
1.804000000e-007,-0.00018984375
1.806000000e-007,0.00020859375
1.808000000e-007,0.00020703125
1.810000000e-007,0.00029609375
1.812000000e-007,-1.5625e-005
1.814000000e-007,9.84375e-005
1.816000000e-007,0.00010390625
1.818000000e-007,0.0003984375
1.820000000e-007,0.0004078125
1.822000000e-007,0.0006
1.824000000e-007,0.0003875
1.826000000e-007,2.34375e-005
1.828000000e-007,-0.0003015625
1.830000000e-007,-0.00039921875
1.832000000e-007,-0.0002921875
1.834000000e-007,8.75e-005
1.836000000e-007,0.00029609375
1.838000000e-007,0.0001828125
1.840000000e-007,0.0004984375
1.842000000e-007,7.578125e-005
1.844000000e-007,-0.0003125
1.846000000e-007,7.65625e-005
1.848000000e-007,1.484375e-005
1.850000000e-007,-2.22346149e-020
1.852000000e-007,-0.00018125
1.854000000e-007,-0.0004109375
1.856000000e-007,-0.00013046875
1.858000000e-007,-1.328125e-005
1.860000000e-007,0.000178125
1.862000000e-007,0.00023515625
1.864000000e-007,-5.9375e-005
1.866000000e-007,-0.0001765625
1.868000000e-007,-0.0003015625
1.870000000e-007,-0.00011484375
1.872000000e-007,-0.00019375
1.874000000e-007,-6.25e-005
1.876000000e-007,0.0002
1.878000000e-007,0.0001203125
1.880000000e-007,-3.90625e-006
1.882000000e-007,-9.84375e-005
1.884000000e-007,-0.0001015625
1.886000000e-007,-0.00010859375
1.888000000e-007,0.0001
1.890000000e-007,-4.6875e-006
1.892000000e-007,0.0003125
1.894000000e-007,-7.734375e-005
1.896000000e-007,-0.0005171875
1.898000000e-007,-0.000303125
1.900000000e-007,0.00025078125
1.902000000e-007,0.0004984375
1.904000000e-007,0.00048515625
1.906000000e-007,0.00028828125
1.908000000e-007,9.140625e-005
1.910000000e-007,9.453125e-005
1.912000000e-007,2.421875e-005
1.914000000e-007,0.0003109375
1.916000000e-007,0.00030078125
1.918000000e-007,0.0002828125
1.920000000e-007,0.00026796875
1.922000000e-007,0.00058984375
1.924000000e-007,0.0004234375
1.926000000e-007,0.00055078125
1.928000000e-007,0.00019921875
1.930000000e-007,0.00036015625
1.932000000e-007,-5.859375e-005
1.934000000e-007,0.00011640625
1.936000000e-007,-6.25e-005
1.938000000e-007,-0.0002015625
1.940000000e-007,-3.125e-005
1.942000000e-007,9.765625e-005
1.944000000e-007,-3.75e-005
1.946000000e-007,-0.0001015625
1.948000000e-007,-0.0001046875
1.950000000e-007,-9.0625e-005
1.952000000e-007,0.00018828125
1.954000000e-007,0.0005015625
1.956000000e-007,0.0003703125
1.958000000e-007,0.000103125
1.960000000e-007,-0.00024140625
1.962000000e-007,-0.00020703125
1.964000000e-007,0.0001421875
1.966000000e-007,0.00030390625
1.968000000e-007,0.0001953125
1.970000000e-007,0.0002015625
1.972000000e-007,-7.03125e-006
1.974000000e-007,-0.00034296875
1.976000000e-007,-0.0006953125
1.978000000e-007,-0.0006796875
1.980000000e-007,-0.00090625
1.982000000e-007,-0.00054609375
1.984000000e-007,-0.00059375
1.986000000e-007,-0.00030625
1.988000000e-007,-0.0001046875
1.990000000e-007,-5.78125e-005
1.992000000e-007,-0.00027578125
1.994000000e-007,-0.000121875
1.996000000e-007,6.5625e-005
1.998000000e-007,-0.00024609375
2.000000000e-007,-0.00023515625
2.002000000e-007,-8.515625e-005
2.004000000e-007,-0.00013046875
2.006000000e-007,0.00025859375
2.008000000e-007,0.00028984375
2.010000000e-007,0.00060234375
2.012000000e-007,0.00012578125
2.014000000e-007,-0.000178125
2.016000000e-007,-0.0004875
2.018000000e-007,-0.00060859375
2.020000000e-007,-0.0004046875
2.022000000e-007,-0.0002015625
2.024000000e-007,-0.0001984375
2.026000000e-007,-0.00018203125
2.028000000e-007,-0.0005015625
2.030000000e-007,-0.00040390625
2.032000000e-007,-0.00018515625
2.034000000e-007,0.00029765625
2.036000000e-007,0.00029453125
2.038000000e-007,0.00030078125
2.040000000e-007,0.00028671875
2.042000000e-007,0.000203125
2.044000000e-007,0.000396875
2.046000000e-007,0.000196875
2.048000000e-007,0.0002921875
2.050000000e-007,-3.515625e-005
2.052000000e-007,-0.000225
2.054000000e-007,-4.375e-005
2.056000000e-007,0.0004421875
2.058000000e-007,0.0001734375
2.060000000e-007,9.921875e-005
2.062000000e-007,-2.265625e-005
2.064000000e-007,-5.703125e-005
2.066000000e-007,0.00020859375
2.068000000e-007,7.1875e-005
2.070000000e-007,-2.5e-005
2.072000000e-007,-0.00035390625
2.074000000e-007,-0.0003828125
2.076000000e-007,-0.00033515625
2.078000000e-007,-0.00048203125
2.080000000e-007,-9.296875e-005
2.082000000e-007,-0.000303125
2.084000000e-007,-5e-005
2.086000000e-007,0.00011015625
2.088000000e-007,0.0002390625
2.090000000e-007,0.00028828125
2.092000000e-007,-0.00017734375
2.094000000e-007,-0.00039765625
2.096000000e-007,-0.0001875
2.098000000e-007,-0.00019453125
2.100000000e-007,6.25e-006
2.102000000e-007,-0.0001
2.104000000e-007,4.6875e-006
2.106000000e-007,-9.765625e-005
2.108000000e-007,-0.00030390625
2.110000000e-007,-0.00011796875
2.112000000e-007,0.0002
2.114000000e-007,0.00010234375
2.116000000e-007,0.00010234375
2.118000000e-007,-0.000146875
2.120000000e-007,-0.00030625
2.122000000e-007,-6.171875e-005
2.124000000e-007,0.00016796875
2.126000000e-007,0.0003609375
2.128000000e-007,0.0004265625
2.130000000e-007,0.00023203125
2.132000000e-007,0.000103125
2.134000000e-007,9.609375e-005
2.136000000e-007,0.00010625
2.138000000e-007,1.015625e-005
2.140000000e-007,-1.5625e-006
2.142000000e-007,-7.8125e-007
2.144000000e-007,1.5625e-006
2.146000000e-007,-7.96875e-005
2.148000000e-007,-0.0002875
2.150000000e-007,-0.00033125
2.152000000e-007,8.515625e-005
2.154000000e-007,0.000384375
2.156000000e-007,0.00049921875
2.158000000e-007,0.0003484375
2.160000000e-007,2.34375e-006
2.162000000e-007,0.00011171875
2.164000000e-007,-0.0002
2.166000000e-007,8.515625e-005
2.168000000e-007,7.8125e-006
2.170000000e-007,-9.53125e-005
2.172000000e-007,-0.00020234375
2.174000000e-007,-0.0002
2.176000000e-007,-0.00019921875
2.178000000e-007,-0.0001921875
2.180000000e-007,-0.0003
2.182000000e-007,-0.0001984375
2.184000000e-007,-0.0005171875
2.186000000e-007,-0.00049609375
2.188000000e-007,-0.00027890625
2.190000000e-007,-2.22346149e-020
2.192000000e-007,3.90625e-006
2.194000000e-007,9.84375e-005
2.196000000e-007,-0.00021875
2.198000000e-007,-0.0003015625
2.200000000e-007,-0.00039453125
2.202000000e-007,-9.21875e-005
2.204000000e-007,2.34375e-005
2.206000000e-007,0.00040625
2.208000000e-007,0.00027578125
2.210000000e-007,0.00019765625
2.212000000e-007,0.000196875
2.214000000e-007,9.921875e-005
2.216000000e-007,0.000303125
2.218000000e-007,0.00010078125
2.220000000e-007,0.00010234375
2.222000000e-007,1.71875e-005
2.224000000e-007,-0.0003015625
2.226000000e-007,-0.00040078125
2.228000000e-007,-0.00029609375
2.230000000e-007,-0.00028984375
2.232000000e-007,-0.000703125
2.234000000e-007,-0.0004140625
2.236000000e-007,-0.0005
2.238000000e-007,-0.0003140625
2.240000000e-007,-0.00030859375
2.242000000e-007,-1.953125e-005
2.244000000e-007,-7.890625e-005
2.246000000e-007,-0.000275
2.248000000e-007,-0.0004984375
2.250000000e-007,-0.00032265625
2.252000000e-007,-0.0002171875
2.254000000e-007,6.09375e-005
2.256000000e-007,0.0002734375
2.258000000e-007,0.00058046875
2.260000000e-007,0.00038515625
2.262000000e-007,-0.0001078125
2.264000000e-007,-0.00040234375
2.266000000e-007,-0.0001359375
2.268000000e-007,-9.609375e-005
2.270000000e-007,2.65625e-005
2.272000000e-007,0.00040078125
2.274000000e-007,0.000396875
2.276000000e-007,0.000390625
2.278000000e-007,-0.00015234375
2.280000000e-007,-0.0006078125
2.282000000e-007,-0.0006015625
2.284000000e-007,-0.00047890625
2.286000000e-007,9.21875e-005
2.288000000e-007,0.0002046875
2.290000000e-007,0.00030078125
2.292000000e-007,7.03125e-005
2.294000000e-007,-1.5625e-006
2.296000000e-007,0.0002140625
2.298000000e-007,0.0002
2.300000000e-007,0.00033828125
2.302000000e-007,0.0004984375
2.304000000e-007,0.00024921875
2.306000000e-007,0.0001
2.308000000e-007,0.00022421875
2.310000000e-007,0.00030546875
2.312000000e-007,0.00013125
2.314000000e-007,-0.000309375
2.316000000e-007,-0.0001921875
2.318000000e-007,-0.00043125
2.320000000e-007,-0.00048203125
2.322000000e-007,-0.0003953125
2.324000000e-007,-0.0003859375
2.326000000e-007,-0.00014375
2.328000000e-007,-2.734375e-005
2.330000000e-007,-0.0002046875
2.332000000e-007,-7.5e-005
2.334000000e-007,-0.00025703125
2.336000000e-007,-0.000334375
2.338000000e-007,0.00014375
2.340000000e-007,0.0002015625
2.342000000e-007,0.00018828125
2.344000000e-007,0.00011328125
2.346000000e-007,0.00018828125
2.348000000e-007,-2.34375e-005
2.350000000e-007,-3.90625e-006
2.352000000e-007,-0.00021640625
2.354000000e-007,-0.0002
2.356000000e-007,-0.0003140625
2.358000000e-007,-0.00020625
2.360000000e-007,1.5625e-005
2.362000000e-007,4.6875e-006
2.364000000e-007,7.03125e-006
2.366000000e-007,0.00019296875
2.368000000e-007,0.00029453125
2.370000000e-007,-7.8125e-005
2.372000000e-007,-9.375e-006
2.374000000e-007,-0.000146875
2.376000000e-007,-0.00049296875
2.378000000e-007,-0.0004296875
2.380000000e-007,-0.00023828125
2.382000000e-007,0.0003828125
2.384000000e-007,0.00046328125
2.386000000e-007,0.00015
2.388000000e-007,3.671875e-005
2.390000000e-007,-0.000178125
2.392000000e-007,-0.00015546875
2.394000000e-007,-0.000465625
2.396000000e-007,-0.00031953125
2.398000000e-007,-0.00049453125
2.400000000e-007,-0.00016328125
2.402000000e-007,5.234375e-005
2.404000000e-007,0.000475
2.406000000e-007,0.0003640625
2.408000000e-007,-8.59375e-005
2.410000000e-007,-0.000215625
2.412000000e-007,-9.53125e-005
2.414000000e-007,-0.0003859375
2.416000000e-007,-0.0002078125
2.418000000e-007,0.00029296875
2.420000000e-007,0.0001953125
2.422000000e-007,-0.00016875
2.424000000e-007,-0.00050078125
2.426000000e-007,-0.00040703125
2.428000000e-007,7.03125e-006
2.430000000e-007,-2.22346149e-020
2.432000000e-007,-0.00010703125
2.434000000e-007,-0.00030234375
2.436000000e-007,-0.00040703125
2.438000000e-007,-0.000396875
2.440000000e-007,-6.875e-005
2.442000000e-007,-2.65625e-005
2.444000000e-007,-0.00041484375
2.446000000e-007,-0.00031875
2.448000000e-007,-0.00060546875
2.450000000e-007,-0.00014765625
2.452000000e-007,-5.078125e-005
2.454000000e-007,-0.0003015625
2.456000000e-007,-0.00019921875
2.458000000e-007,-0.00029296875
2.460000000e-007,-5.3125e-005
2.462000000e-007,-5.46875e-006
2.464000000e-007,-0.00015546875
2.466000000e-007,-0.0002921875
2.468000000e-007,-5.234375e-005
2.470000000e-007,0.0001109375
2.472000000e-007,0.0002140625
2.474000000e-007,0.00019140625
2.476000000e-007,-0.0001515625
2.478000000e-007,-0.00049453125
2.480000000e-007,-0.00015
2.482000000e-007,-0.00010234375
2.484000000e-007,6.328125e-005
2.486000000e-007,0.00018671875
2.488000000e-007,-0.00023984375
2.490000000e-007,-0.0001984375
2.492000000e-007,-0.00018671875
2.494000000e-007,4.6875e-006
2.496000000e-007,1.5625e-006
2.498000000e-007,-2.34375e-006
2.500000000e-007,-0.00020078125
2.502000000e-007,-0.0001
2.504000000e-007,-0.00030390625
2.506000000e-007,-0.00019765625
2.508000000e-007,-0.0004
2.510000000e-007,-0.0003015625
2.512000000e-007,-0.00040078125
2.514000000e-007,-0.000225
2.516000000e-007,-0.00011875
2.518000000e-007,0.0002546875
2.520000000e-007,0.0002921875
2.522000000e-007,0.00047734375
2.524000000e-007,0.0003609375
2.526000000e-007,0.00013125
2.528000000e-007,-8.59375e-005
2.530000000e-007,-0.0001125
2.532000000e-007,-1.40625e-005
2.534000000e-007,2.8125e-005
2.536000000e-007,-0.0002765625
2.538000000e-007,-0.0003203125
2.540000000e-007,-0.0002828125
2.542000000e-007,-0.0005734375
2.544000000e-007,-0.0006078125
2.546000000e-007,-0.0005015625
2.548000000e-007,-0.0004125
2.550000000e-007,7.96875e-005
2.552000000e-007,-8.28125e-005
2.554000000e-007,-0.0002859375
2.556000000e-007,-0.00031015625
2.558000000e-007,-1.71875e-005
2.560000000e-007,0.0001
2.562000000e-007,0.00021015625
2.564000000e-007,-0.000184375
2.566000000e-007,-0.000396875
2.568000000e-007,-0.0005046875
2.570000000e-007,-0.00059921875
2.572000000e-007,-0.0003765625
2.574000000e-007,9.375e-005
2.576000000e-007,-2.22346149e-020
2.578000000e-007,0.0002015625
2.580000000e-007,-0.000228125
2.582000000e-007,-0.0001921875
2.584000000e-007,0.000109375
2.586000000e-007,-2.34375e-006
2.588000000e-007,-9.609375e-005
2.590000000e-007,-1.5625e-006
2.592000000e-007,-0.00020234375
2.594000000e-007,3.125e-006
2.596000000e-007,1.5625e-006
2.598000000e-007,0.00020625
2.600000000e-007,0.00019375
2.602000000e-007,9.53125e-005
2.604000000e-007,-0.00012421875
2.606000000e-007,-0.00020390625
2.608000000e-007,0.00010390625
2.610000000e-007,0.0001
2.612000000e-007,-2.34375e-006
2.614000000e-007,-9.921875e-005
2.616000000e-007,-0.00030078125
2.618000000e-007,-0.00028515625
2.620000000e-007,-0.0007015625
2.622000000e-007,-0.00061796875
2.624000000e-007,-0.00018984375
2.626000000e-007,-7.8125e-006
2.628000000e-007,0.0003109375
2.630000000e-007,0.0003328125
2.632000000e-007,-2.22346149e-020
2.634000000e-007,0.00020625
2.636000000e-007,-0.000171875
2.638000000e-007,-0.00021484375
2.640000000e-007,-0.00011015625
2.642000000e-007,-7.578125e-005
2.644000000e-007,-0.00039765625
2.646000000e-007,-0.0002765625
2.648000000e-007,-0.00069453125
2.650000000e-007,-0.00011015625
2.652000000e-007,0.000284375
2.654000000e-007,0.00042265625
2.656000000e-007,0.0001265625
2.658000000e-007,7.578125e-005
2.660000000e-007,-0.00048203125
2.662000000e-007,-0.000175
2.664000000e-007,-7.8125e-007
2.666000000e-007,0.00015703125
2.668000000e-007,0.0003
2.670000000e-007,0.000290625
2.672000000e-007,0.00029140625
2.674000000e-007,-8.4375e-005
2.676000000e-007,-0.0001015625
2.678000000e-007,-0.000290625
2.680000000e-007,-0.0004046875
2.682000000e-007,-0.000403125
2.684000000e-007,-0.00017734375
2.686000000e-007,-0.0001
2.688000000e-007,-9.296875e-005
2.690000000e-007,-2.22346149e-020
2.692000000e-007,8.59375e-006
2.694000000e-007,0.000196875
2.696000000e-007,0.0001703125
2.698000000e-007,-0.00011171875
2.700000000e-007,-0.000184375
2.702000000e-007,-0.00010390625
2.704000000e-007,-0.000184375
2.706000000e-007,2.34375e-006
2.708000000e-007,-0.0001078125
2.710000000e-007,-0.00011328125
2.712000000e-007,-0.0003375
2.714000000e-007,-0.0004171875
2.716000000e-007,-0.00029765625
2.718000000e-007,-3.4375e-005
2.720000000e-007,-0.0004546875
2.722000000e-007,-0.00013125
2.724000000e-007,-2.734375e-005
2.726000000e-007,-0.00021875
2.728000000e-007,-0.00017734375
2.730000000e-007,-0.00022890625
2.732000000e-007,-0.0002515625
2.734000000e-007,7.8125e-006
2.736000000e-007,-0.00031640625
2.738000000e-007,-0.00059765625
2.740000000e-007,-0.0003453125
2.742000000e-007,-6.953125e-005
2.744000000e-007,0.000240625
2.746000000e-007,0.0001984375
2.748000000e-007,7.8125e-005
2.750000000e-007,-9.921875e-005
2.752000000e-007,-7.8125e-005
2.754000000e-007,9.84375e-005
2.756000000e-007,0.00023203125
2.758000000e-007,0.00032265625
2.760000000e-007,-0.00034765625
2.762000000e-007,-0.00030859375
2.764000000e-007,-9.84375e-005
2.766000000e-007,-8.125e-005
2.768000000e-007,-0.0002015625
2.770000000e-007,-0.0001046875
2.772000000e-007,-0.0002703125
2.774000000e-007,-0.0005296875
2.776000000e-007,-0.00022109375
2.778000000e-007,-0.0003296875
2.780000000e-007,-0.000421875
2.782000000e-007,-0.0003546875
2.784000000e-007,-0.0005203125
2.786000000e-007,-0.00014921875
2.788000000e-007,7.8125e-005
2.790000000e-007,0.000159375
2.792000000e-007,-0.00026640625
2.794000000e-007,-0.00010546875
2.796000000e-007,-0.0003796875
2.798000000e-007,7.8125e-007
2.800000000e-007,0.0002140625
2.802000000e-007,2.109375e-005
2.804000000e-007,-9.609375e-005
2.806000000e-007,-0.000275
2.808000000e-007,-0.00040390625
2.810000000e-007,-0.0002140625
2.812000000e-007,-0.00010234375
2.814000000e-007,-2.22346149e-020
2.816000000e-007,-0.00020703125
2.818000000e-007,-0.00042109375
2.820000000e-007,7.8125e-007
2.822000000e-007,-7.8125e-007
2.824000000e-007,0.00031328125
2.826000000e-007,0.0005
2.828000000e-007,0.00028515625
2.830000000e-007,9.921875e-005
2.832000000e-007,8.828125e-005
2.834000000e-007,-0.0001015625
2.836000000e-007,0.000128125
2.838000000e-007,0.00029609375
2.840000000e-007,0.00020546875
2.842000000e-007,0.0002921875
2.844000000e-007,6.40625e-005
2.846000000e-007,0.00024765625
2.848000000e-007,0.0006484375
2.850000000e-007,0.00034765625
2.852000000e-007,-3.59375e-005
2.854000000e-007,-0.000128125
2.856000000e-007,-0.00042578125
2.858000000e-007,-0.00027734375
2.860000000e-007,-0.000165625
2.862000000e-007,1.171875e-005
2.864000000e-007,-2.109375e-005
2.866000000e-007,-0.00022578125
2.868000000e-007,-0.0005625
2.870000000e-007,-0.0006875
2.872000000e-007,-0.00050703125
2.874000000e-007,-0.000584375
2.876000000e-007,-2.1875e-005
2.878000000e-007,9.53125e-005
2.880000000e-007,-3.359375e-005
2.882000000e-007,-9.21875e-005
2.884000000e-007,-2.5e-005
2.886000000e-007,-0.0003015625
2.888000000e-007,-6.484375e-005
2.890000000e-007,-3.125e-006
2.892000000e-007,-0.000109375
2.894000000e-007,-0.0002
2.896000000e-007,-0.000196875
2.898000000e-007,-0.00019921875
2.900000000e-007,-0.0004015625
2.902000000e-007,-0.000296875
2.904000000e-007,-0.0005
2.906000000e-007,-0.0003078125
2.908000000e-007,-0.00030390625
2.910000000e-007,-0.00016328125
2.912000000e-007,-0.0005828125
2.914000000e-007,-0.00035859375
2.916000000e-007,-0.0002453125
2.918000000e-007,0.000284375
2.920000000e-007,0.0004953125
2.922000000e-007,0.00059140625
2.924000000e-007,0.00051796875
2.926000000e-007,0.00034609375
2.928000000e-007,0.00010078125
2.930000000e-007,0.0002875
2.932000000e-007,0.00011953125
2.934000000e-007,2.34375e-005
2.936000000e-007,-0.000359375
2.938000000e-007,-0.000596875
2.940000000e-007,-0.00059765625
2.942000000e-007,-0.0006125
2.944000000e-007,-0.0003171875
2.946000000e-007,0.00010078125
2.948000000e-007,-0.00018515625
2.950000000e-007,-0.00028671875
2.952000000e-007,-0.00049140625
2.954000000e-007,-0.000415625
2.956000000e-007,-0.0002015625
2.958000000e-007,8.828125e-005
2.960000000e-007,0.00010546875
2.962000000e-007,-4.6875e-006
2.964000000e-007,9.765625e-005
2.966000000e-007,-0.00010078125
2.968000000e-007,0.00010546875
2.970000000e-007,3.125e-006
2.972000000e-007,0.0001
2.974000000e-007,2.34375e-006
2.976000000e-007,-0.0002234375
2.978000000e-007,-0.0005
2.980000000e-007,-0.00027578125
2.982000000e-007,-0.00010078125
2.984000000e-007,-0.00019765625
2.986000000e-007,-0.0001015625
2.988000000e-007,-0.000415625
2.990000000e-007,-0.00040078125
2.992000000e-007,-0.00049921875
2.994000000e-007,-0.00040078125
2.996000000e-007,-0.000375
2.998000000e-007,1.5625e-006
3.000000000e-007,-0.00020703125
3.002000000e-007,-2.34375e-006
3.004000000e-007,-0.0003078125
3.006000000e-007,-0.0004015625
3.008000000e-007,3.359375e-005
3.010000000e-007,0.00039765625
3.012000000e-007,0.00049140625
3.014000000e-007,2.265625e-005
3.016000000e-007,-0.0002015625
3.018000000e-007,-0.0004015625
3.020000000e-007,-0.0001984375
3.022000000e-007,-0.0002984375
3.024000000e-007,-0.000196875
3.026000000e-007,-0.0002828125
3.028000000e-007,-0.00039921875
3.030000000e-007,-0.0003875
3.032000000e-007,-0.0005890625
3.034000000e-007,-0.00060859375
3.036000000e-007,-0.00051640625
3.038000000e-007,-0.00031640625
3.040000000e-007,-0.0002078125
3.042000000e-007,-8.671875e-005
3.044000000e-007,-0.0002953125
3.046000000e-007,-0.00011875
3.048000000e-007,-0.0001140625
3.050000000e-007,0.00024609375
3.052000000e-007,0.0003140625
3.054000000e-007,0.00024296875
3.056000000e-007,1.5625e-006
3.058000000e-007,0.00018671875
3.060000000e-007,1.71875e-005
3.062000000e-007,-4.84375e-005
3.064000000e-007,0.0002
3.066000000e-007,0.00010078125
3.068000000e-007,0.00020078125
3.070000000e-007,2.1875e-005
3.072000000e-007,-0.0002078125
3.074000000e-007,-0.00029921875
3.076000000e-007,-0.00030078125
3.078000000e-007,-0.00020546875
3.080000000e-007,7.03125e-006
3.082000000e-007,-0.00018828125
3.084000000e-007,-0.00040078125
3.086000000e-007,-0.0002015625
3.088000000e-007,2.34375e-005
3.090000000e-007,0.0002953125
3.092000000e-007,0.00035703125
3.094000000e-007,-1.5625e-006
3.096000000e-007,9.453125e-005
3.098000000e-007,-0.0002109375
3.100000000e-007,1.09375e-005
3.102000000e-007,0.00038515625
3.104000000e-007,-2.734375e-005
3.106000000e-007,0.0001
3.108000000e-007,1.09375e-005
3.110000000e-007,0.0002046875
3.112000000e-007,5.390625e-005
3.114000000e-007,-0.00014140625
3.116000000e-007,-0.00030703125
3.118000000e-007,-0.00018515625
3.120000000e-007,-0.00022890625
3.122000000e-007,-0.00044609375
3.124000000e-007,-0.00041015625
3.126000000e-007,0.00016875
3.128000000e-007,0.00032890625
3.130000000e-007,0.00039140625
3.132000000e-007,0.00029296875
3.134000000e-007,0.0004109375
3.136000000e-007,0.00050703125
3.138000000e-007,0.00049921875
3.140000000e-007,0.00050234375
3.142000000e-007,0.00049765625
3.144000000e-007,0.00036796875
3.146000000e-007,3.125e-006
3.148000000e-007,-0.00032109375
3.150000000e-007,-0.00029921875
3.152000000e-007,-0.00026015625
3.154000000e-007,1.875e-005
3.156000000e-007,-0.00051328125
3.158000000e-007,-0.0001984375
3.160000000e-007,-0.0007046875
3.162000000e-007,-0.00034296875
3.164000000e-007,-0.00030546875
3.166000000e-007,0.00013515625
3.168000000e-007,0.00039296875
3.170000000e-007,0.00044296875
3.172000000e-007,4.296875e-005
3.174000000e-007,-0.00021796875
3.176000000e-007,-4.921875e-005
3.178000000e-007,0.00011875
3.180000000e-007,-4.6875e-005
3.182000000e-007,-0.00015625
3.184000000e-007,9.84375e-005
3.186000000e-007,0.00032421875
3.188000000e-007,5.546875e-005
3.190000000e-007,-0.0001375
3.192000000e-007,0.0001515625
3.194000000e-007,0.00032265625
3.196000000e-007,0.000109375
3.198000000e-007,4.21875e-005
3.200000000e-007,-0.0003921875
3.202000000e-007,-0.00022421875
3.204000000e-007,-0.0002
3.206000000e-007,-2.03125e-005
3.208000000e-007,0.000196875
3.210000000e-007,0.00020859375
3.212000000e-007,-0.000103125
3.214000000e-007,-9.0625e-005
3.216000000e-007,-0.00030078125
3.218000000e-007,-9.375e-006
3.220000000e-007,0.00019921875
3.222000000e-007,0.0001
3.224000000e-007,9.21875e-005
3.226000000e-007,-0.00020390625
3.228000000e-007,-0.000190625
3.230000000e-007,-0.0002046875
3.232000000e-007,-0.00028984375
3.234000000e-007,-0.00010078125
3.236000000e-007,-0.0001859375
3.238000000e-007,-4.6875e-006
3.240000000e-007,-0.0002265625
3.242000000e-007,-7.65625e-005
3.244000000e-007,-2.65625e-005
3.246000000e-007,-8.4375e-005
3.248000000e-007,0.00010859375
3.250000000e-007,-0.00012578125
3.252000000e-007,-2.421875e-005
3.254000000e-007,0.0003140625
3.256000000e-007,0.00033203125
3.258000000e-007,0.0004875
3.260000000e-007,0.0003
3.262000000e-007,0.0003828125
3.264000000e-007,7.96875e-005
3.266000000e-007,0.00020234375
3.268000000e-007,9.0625e-005
3.270000000e-007,-1.484375e-005
3.272000000e-007,-0.00018828125
3.274000000e-007,-3.125e-006
3.276000000e-007,-7.8125e-005
3.278000000e-007,9.0625e-005
3.280000000e-007,-0.00019453125
3.282000000e-007,0.0003125
3.284000000e-007,0.00038203125
3.286000000e-007,0.0003015625
3.288000000e-007,0.00040546875
3.290000000e-007,0.00019609375
3.292000000e-007,-0.00021015625
3.294000000e-007,-0.00029921875
3.296000000e-007,-0.00060703125
3.298000000e-007,-0.00031953125
3.300000000e-007,0.0002
3.302000000e-007,0.0006953125
3.304000000e-007,0.00023046875
3.306000000e-007,-0.000275
3.308000000e-007,-0.00021796875
3.310000000e-007,3.59375e-005
3.312000000e-007,0.00035
3.314000000e-007,0.0004671875
3.316000000e-007,0.000121875
3.318000000e-007,0.00020625
3.320000000e-007,-7.96875e-005
3.322000000e-007,6.875e-005
3.324000000e-007,1.484375e-005
3.326000000e-007,6.875e-005
3.328000000e-007,0.0002796875
3.330000000e-007,0.00041875
3.332000000e-007,4.375e-005
3.334000000e-007,-0.0002796875
3.336000000e-007,-0.00048046875
3.338000000e-007,-0.000709375
3.340000000e-007,-0.0003203125
3.342000000e-007,0.00018125
3.344000000e-007,0.00020234375
3.346000000e-007,6.40625e-005
3.348000000e-007,-0.0004921875
3.350000000e-007,-0.0002125
3.352000000e-007,-0.00030078125
3.354000000e-007,0.0001734375
3.356000000e-007,0.000209375
3.358000000e-007,3.125e-006
3.360000000e-007,-2.22346149e-020
3.362000000e-007,-9.84375e-005
3.364000000e-007,1.09375e-005
3.366000000e-007,0.0002859375
3.368000000e-007,0.00050078125
3.370000000e-007,0.00060546875
3.372000000e-007,7.96875e-005
3.374000000e-007,0.00020390625
3.376000000e-007,-3.125e-005
3.378000000e-007,-0.00030078125
3.380000000e-007,-9.0625e-005
3.382000000e-007,0.00010078125
3.384000000e-007,0.00021796875
3.386000000e-007,0.0002921875
3.388000000e-007,-0.00020859375
3.390000000e-007,-0.0002015625
3.392000000e-007,-0.00029296875
3.394000000e-007,5.46875e-006
3.396000000e-007,-6.25e-006
3.398000000e-007,-2.22346149e-020
3.400000000e-007,-0.0001015625
3.402000000e-007,-0.00010078125
3.404000000e-007,8.59375e-006
3.406000000e-007,9.921875e-005
3.408000000e-007,0.0001
3.410000000e-007,1.484375e-005
3.412000000e-007,-0.0002
3.414000000e-007,-2.34375e-006
3.416000000e-007,6.25e-006
3.418000000e-007,0.00039765625
3.420000000e-007,8.75e-005
3.422000000e-007,-0.000159375
3.424000000e-007,-0.0006
3.426000000e-007,-0.00022578125
3.428000000e-007,-0.00029609375
3.430000000e-007,-4.0625e-005
3.432000000e-007,0.00019453125
3.434000000e-007,0.000203125
3.436000000e-007,0.00011171875
3.438000000e-007,-0.00016640625
3.440000000e-007,-0.00023515625
3.442000000e-007,0.0001078125
3.444000000e-007,-0.00026796875
3.446000000e-007,-0.00022890625
3.448000000e-007,-0.00020390625
3.450000000e-007,-4.21875e-005
3.452000000e-007,1.171875e-005
3.454000000e-007,-0.0002125
3.456000000e-007,8.28125e-005
3.458000000e-007,0.000115625
3.460000000e-007,9.921875e-005
3.462000000e-007,2.109375e-005
3.464000000e-007,-0.0001015625
3.466000000e-007,-8.984375e-005
3.468000000e-007,-0.0003015625
3.470000000e-007,-0.000109375
3.472000000e-007,1.015625e-005
3.474000000e-007,0.0002953125
3.476000000e-007,0.00027890625
3.478000000e-007,1.015625e-005
3.480000000e-007,-0.000209375
3.482000000e-007,-0.0002984375
3.484000000e-007,-0.000378125
3.486000000e-007,9.296875e-005
3.488000000e-007,0.0001734375
3.490000000e-007,-7.8125e-007
3.492000000e-007,0.00012421875
3.494000000e-007,9.21875e-005
3.496000000e-007,1.875e-005
3.498000000e-007,0.000203125
3.500000000e-007,7.96875e-005
3.502000000e-007,-1.171875e-005
3.504000000e-007,-0.00010234375
3.506000000e-007,1.640625e-005
3.508000000e-007,0.00011953125
3.510000000e-007,0.000221875
3.512000000e-007,0.00029921875
3.514000000e-007,0.0001734375
3.516000000e-007,9.0625e-005
3.518000000e-007,-3.984375e-005
3.520000000e-007,-0.00018828125
3.522000000e-007,2.265625e-005
3.524000000e-007,-3.671875e-005
3.526000000e-007,-0.0001015625
3.528000000e-007,-0.00010703125
3.530000000e-007,-0.0002078125
3.532000000e-007,-9.375e-006
3.534000000e-007,0.0004
3.536000000e-007,0.000159375
3.538000000e-007,0.00019921875
3.540000000e-007,9.765625e-005
3.542000000e-007,0.00019921875
3.544000000e-007,7.03125e-005
3.546000000e-007,-1.5625e-006
3.548000000e-007,-2.5e-005
3.550000000e-007,-0.00029921875
3.552000000e-007,-0.0002015625
3.554000000e-007,-0.0003984375
3.556000000e-007,-0.00019375
3.558000000e-007,-1.09375e-005
3.560000000e-007,6.25e-006
3.562000000e-007,-9.453125e-005
3.564000000e-007,-1.640625e-005
3.566000000e-007,0.00012265625
3.568000000e-007,-8.828125e-005
3.570000000e-007,3.203125e-005
3.572000000e-007,0.00018828125
3.574000000e-007,0.0002359375
3.576000000e-007,3.59375e-005
3.578000000e-007,5.234375e-005
3.580000000e-007,0.00015546875
3.582000000e-007,0.000315625
3.584000000e-007,4.84375e-005
3.586000000e-007,-8.984375e-005
3.588000000e-007,-0.00012421875
3.590000000e-007,0.00024296875
3.592000000e-007,0.0003140625
3.594000000e-007,0.00019765625
3.596000000e-007,0.0002046875
3.598000000e-007,-6.953125e-005
3.600000000e-007,-0.00020078125
3.602000000e-007,-0.0002015625
3.604000000e-007,-0.0002
3.606000000e-007,-0.00011015625
3.608000000e-007,0.000203125
3.610000000e-007,0.0001109375
3.612000000e-007,0.0001
3.614000000e-007,0.00010234375
3.616000000e-007,0.0001046875
3.618000000e-007,0.0003
3.620000000e-007,-2.34375e-005
3.622000000e-007,-0.0003
3.624000000e-007,-0.00020390625
3.626000000e-007,-0.000403125
3.628000000e-007,-0.00016484375
3.630000000e-007,-1.875e-005
3.632000000e-007,-0.00044765625
3.634000000e-007,-0.0003890625
3.636000000e-007,-0.00040234375
3.638000000e-007,-0.0002796875
3.640000000e-007,-5.078125e-005
3.642000000e-007,-0.00013671875
3.644000000e-007,-0.0004
3.646000000e-007,-0.00019453125
3.648000000e-007,-0.0001625
3.650000000e-007,0.00025078125
3.652000000e-007,0.00023203125
3.654000000e-007,6.25e-006
3.656000000e-007,6.25e-005
3.658000000e-007,-0.00031171875
3.660000000e-007,-3.359375e-005
3.662000000e-007,8.984375e-005
3.664000000e-007,1.953125e-005
3.666000000e-007,0.0004171875
3.668000000e-007,0.00050546875
3.670000000e-007,0.00047890625
3.672000000e-007,0.000140625
3.674000000e-007,-4.6875e-006
3.676000000e-007,-0.00011640625
3.678000000e-007,-0.0002015625
3.680000000e-007,-0.0001953125
3.682000000e-007,-9.140625e-005
3.684000000e-007,0.00011640625
3.686000000e-007,-6.25e-006
3.688000000e-007,-0.00039296875
3.690000000e-007,-1.5625e-006
3.692000000e-007,-0.0004171875
3.694000000e-007,-0.0003078125
3.696000000e-007,-0.0003
3.698000000e-007,-0.00020546875
3.700000000e-007,-0.00019609375
3.702000000e-007,-0.0002328125
3.704000000e-007,7.96875e-005
3.706000000e-007,6.015625e-005
3.708000000e-007,-0.00012890625
3.710000000e-007,0.00018203125
3.712000000e-007,2.8125e-005
3.714000000e-007,0.0001609375
3.716000000e-007,0.0002171875
3.718000000e-007,0.00016328125
3.720000000e-007,0.00055078125
3.722000000e-007,0.0007375
3.724000000e-007,0.00041171875
3.726000000e-007,0.0005078125
3.728000000e-007,0.00013359375
3.730000000e-007,-6.25e-005
3.732000000e-007,-0.00065859375
3.734000000e-007,-0.000928125
3.736000000e-007,-0.0004234375
3.738000000e-007,0.00017265625
3.740000000e-007,0.00020859375
3.742000000e-007,2.734375e-005
3.744000000e-007,-0.000190625
3.746000000e-007,-0.0002859375
3.748000000e-007,-0.0004015625
3.750000000e-007,-0.0001078125
3.752000000e-007,-0.0001984375
3.754000000e-007,-1.328125e-005
3.756000000e-007,-7.8125e-006
3.758000000e-007,-0.00029453125
3.760000000e-007,-0.00018828125
3.762000000e-007,-6.25e-006
3.764000000e-007,0.00010078125
3.766000000e-007,0.00020234375
3.768000000e-007,7.8125e-007
3.770000000e-007,0.00020078125
3.772000000e-007,9.84375e-005
3.774000000e-007,0.00020078125
3.776000000e-007,-8.59375e-006
3.778000000e-007,-0.00020234375
3.780000000e-007,-0.000403125
3.782000000e-007,-0.000403125
3.784000000e-007,-0.00070234375
3.786000000e-007,-0.0003796875
3.788000000e-007,-9.765625e-005
3.790000000e-007,-0.00020078125
3.792000000e-007,-0.00021484375
3.794000000e-007,-0.00049765625
3.796000000e-007,-0.00049765625
3.798000000e-007,-0.000303125
3.800000000e-007,0.0003453125
3.802000000e-007,0.0005015625
3.804000000e-007,-0.00011484375
3.806000000e-007,-0.0002921875
3.808000000e-007,-0.0003984375
3.810000000e-007,8.046875e-005
3.812000000e-007,0.0003046875
3.814000000e-007,0.00039765625
3.816000000e-007,0.000403125
3.818000000e-007,0.00050859375
3.820000000e-007,0.0003046875
3.822000000e-007,0.0002265625
3.824000000e-007,-9.375e-005
3.826000000e-007,0.00015859375
3.828000000e-007,0.00039765625
3.830000000e-007,0.00031875
3.832000000e-007,0.0001109375
3.834000000e-007,-7.34375e-005
3.836000000e-007,-0.00021484375
3.838000000e-007,5.46875e-006
3.840000000e-007,-0.00020234375
3.842000000e-007,0.00015625
3.844000000e-007,-1.875e-005
3.846000000e-007,-0.00035390625
3.848000000e-007,-0.00058671875
3.850000000e-007,-0.00063828125
3.852000000e-007,-0.00022890625
3.854000000e-007,0.00016953125
3.856000000e-007,0.00019921875
3.858000000e-007,4.765625e-005
3.860000000e-007,-0.00030625
3.862000000e-007,-0.00020078125
3.864000000e-007,-0.00040859375
3.866000000e-007,-0.000403125
3.868000000e-007,-0.00028515625
3.870000000e-007,-7.8125e-007
3.872000000e-007,-0.0002359375
3.874000000e-007,-0.0004
3.876000000e-007,-0.00040859375
3.878000000e-007,-0.0004015625
3.880000000e-007,-8.90625e-005
3.882000000e-007,-0.0001046875
3.884000000e-007,0.00020390625
3.886000000e-007,-0.0001078125
3.888000000e-007,3.515625e-005
3.890000000e-007,0.00010078125
3.892000000e-007,0.00026875
3.894000000e-007,0.0004890625
3.896000000e-007,0.00032421875
3.898000000e-007,0.00058203125
3.900000000e-007,-4.453125e-005
3.902000000e-007,-0.00031484375
3.904000000e-007,-0.0004171875
3.906000000e-007,-0.00023828125
3.908000000e-007,-1.640625e-005
3.910000000e-007,-0.00048671875
3.912000000e-007,-0.00070546875
3.914000000e-007,-0.00043984375
3.916000000e-007,3.90625e-006
3.918000000e-007,0.0003375
3.920000000e-007,0.0003796875
3.922000000e-007,0.00015859375
3.924000000e-007,-0.0001828125
3.926000000e-007,-0.000284375
3.928000000e-007,6.484375e-005
3.930000000e-007,0.00020234375
3.932000000e-007,0.00037890625
3.934000000e-007,0.00059375
3.936000000e-007,1.796875e-005
3.938000000e-007,-0.00020234375
3.940000000e-007,-0.00010234375
3.942000000e-007,-0.0002015625
3.944000000e-007,-0.0001015625
3.946000000e-007,-0.00020546875
3.948000000e-007,8.59375e-006
3.950000000e-007,-9.921875e-005
3.952000000e-007,-2.22346149e-020
3.954000000e-007,-0.00017890625
3.956000000e-007,-0.000203125
3.958000000e-007,-0.00027265625
3.960000000e-007,-0.00041015625
3.962000000e-007,-0.00013828125
3.964000000e-007,-0.00010078125
3.966000000e-007,0.000115625
3.968000000e-007,0.0003046875
3.970000000e-007,0.000225
3.972000000e-007,0.00019453125
3.974000000e-007,0.0002046875
3.976000000e-007,0.000159375
3.978000000e-007,-0.00011953125
3.980000000e-007,-0.00036875
3.982000000e-007,-0.00048046875
3.984000000e-007,0.00011328125
3.986000000e-007,0.00039921875
3.988000000e-007,0.0003984375
3.990000000e-007,0.0003375
3.992000000e-007,7.03125e-006
3.994000000e-007,7.8125e-006
3.996000000e-007,-0.00019453125
3.998000000e-007,-0.00011171875
4.000000000e-007,-3.125e-006
4.002000000e-007,0.0001984375
4.004000000e-007,9.84375e-005
4.006000000e-007,1.796875e-005
4.008000000e-007,-0.0003015625
4.010000000e-007,-0.0003046875
4.012000000e-007,-9.53125e-005
4.014000000e-007,-1.5625e-006
4.016000000e-007,0.000209375
4.018000000e-007,0.00019375
4.020000000e-007,-0.00010859375
4.022000000e-007,1.5625e-006
4.024000000e-007,-0.00011484375
4.026000000e-007,-8.359375e-005
4.028000000e-007,8.359375e-005
4.030000000e-007,-0.00022109375
4.032000000e-007,-0.000190625
4.034000000e-007,-0.0001953125
4.036000000e-007,-6.796875e-005
4.038000000e-007,1.5625e-006
4.040000000e-007,-7.8125e-007
4.042000000e-007,-3.125e-006
4.044000000e-007,1.640625e-005
4.046000000e-007,0.000103125
4.048000000e-007,0.00011328125
4.050000000e-007,0.000203125
4.052000000e-007,0.00020703125
4.054000000e-007,0.00018359375
4.056000000e-007,-1.796875e-005
4.058000000e-007,0.0001171875
4.060000000e-007,0.0001890625
4.062000000e-007,0.00010703125
4.064000000e-007,0.0004515625
4.066000000e-007,0.00035
4.068000000e-007,-0.0001609375
4.070000000e-007,-9.21875e-005
4.072000000e-007,2.8125e-005
4.074000000e-007,0.00019921875
4.076000000e-007,9.921875e-005
4.078000000e-007,0.0002
4.080000000e-007,-3.59375e-005
4.082000000e-007,-0.00029921875
4.084000000e-007,-9.140625e-005
4.086000000e-007,-9.921875e-005
4.088000000e-007,5.46875e-006
4.090000000e-007,9.53125e-005
4.092000000e-007,0.0002
4.094000000e-007,0.00011328125
4.096000000e-007,-0.00019453125
4.098000000e-007,-0.00025703125
4.100000000e-007,-0.00059296875
4.102000000e-007,-0.0002203125
4.104000000e-007,0.000165625
4.106000000e-007,0.00035703125
4.108000000e-007,0.00043828125
4.110000000e-007,0.0002109375
4.112000000e-007,0.000375
4.114000000e-007,0.00048359375
4.116000000e-007,0.000675
4.118000000e-007,0.00079453125
4.120000000e-007,0.00080390625
4.122000000e-007,0.00072109375
4.124000000e-007,0.0004375
4.126000000e-007,3.125e-005
4.128000000e-007,-0.00026640625
4.130000000e-007,-0.00072578125
4.132000000e-007,-0.00011484375
4.134000000e-007,-3.125e-005
4.136000000e-007,0.00058671875
4.138000000e-007,0.000178125
4.140000000e-007,-0.00010078125
4.142000000e-007,-9.84375e-005
4.144000000e-007,-2.34375e-006
4.146000000e-007,0.00048828125
4.148000000e-007,0.00040234375
4.150000000e-007,0.0004125
4.152000000e-007,-8.59375e-006
4.154000000e-007,0.00018828125
4.156000000e-007,0.00030078125
4.158000000e-007,0.0003046875
4.160000000e-007,0.00019921875
4.162000000e-007,0.0002
4.164000000e-007,8.28125e-005
4.166000000e-007,-9.921875e-005
4.168000000e-007,-2.22346149e-020
4.170000000e-007,-0.00010078125
4.172000000e-007,1.5625e-006
4.174000000e-007,7.8125e-007
4.176000000e-007,0.0001015625
4.178000000e-007,-1.5625e-006
4.180000000e-007,5.46875e-006
4.182000000e-007,0.00020546875
4.184000000e-007,0.00019296875
4.186000000e-007,0.0002046875
4.188000000e-007,0.00041640625
4.190000000e-007,0.000403125
4.192000000e-007,0.0003015625
4.194000000e-007,0.00049921875
4.196000000e-007,0.0003828125
4.198000000e-007,0.00020078125
4.200000000e-007,0.0002
4.202000000e-007,0.00010703125
4.204000000e-007,0.00010078125
4.206000000e-007,0.0002921875
4.208000000e-007,0.0004015625
4.210000000e-007,0.0004046875
4.212000000e-007,0.00019609375
4.214000000e-007,0.00012890625
4.216000000e-007,-0.00029296875
4.218000000e-007,-0.00021171875
4.220000000e-007,-0.00028984375
4.222000000e-007,-0.0003140625
4.224000000e-007,-0.00020390625
4.226000000e-007,-0.00013125
4.228000000e-007,0.00028515625
4.230000000e-007,0.0002328125
4.232000000e-007,9.0625e-005
4.234000000e-007,0.00020234375
4.236000000e-007,0.00010078125
4.238000000e-007,0.00032734375
4.240000000e-007,0.00054609375
4.242000000e-007,7.34375e-005
4.244000000e-007,-7.03125e-006
4.246000000e-007,7.265625e-005
4.248000000e-007,0.00029375
4.250000000e-007,0.00021484375
4.252000000e-007,9.765625e-005
4.254000000e-007,-0.00037578125
4.256000000e-007,-0.000296875
4.258000000e-007,-0.0003921875
4.260000000e-007,-0.000284375
4.262000000e-007,2.34375e-006
4.264000000e-007,-0.0002
4.266000000e-007,9.53125e-005
4.268000000e-007,0.00023125
4.270000000e-007,0.00051015625
4.272000000e-007,-3.203125e-005
4.274000000e-007,0.000196875
4.276000000e-007,0.0003015625
4.278000000e-007,0.0003015625
4.280000000e-007,0.00018515625
4.282000000e-007,9.296875e-005
4.284000000e-007,-0.0001328125
4.286000000e-007,-0.0003109375
4.288000000e-007,-0.0003609375
4.290000000e-007,-0.00010234375
4.292000000e-007,-0.00032109375
4.294000000e-007,-0.000303125
4.296000000e-007,-0.00043125
4.298000000e-007,-0.0003765625
4.300000000e-007,-0.0001640625
4.302000000e-007,6.640625e-005
4.304000000e-007,0.0002578125
4.306000000e-007,-0.00013203125
4.308000000e-007,-0.00010078125
4.310000000e-007,-6.015625e-005
4.312000000e-007,0.00023203125
4.314000000e-007,0.0002078125
4.316000000e-007,0.00031328125
4.318000000e-007,0.000171875
4.320000000e-007,-5.9375e-005
4.322000000e-007,-0.0001984375
4.324000000e-007,-6.875e-005
4.326000000e-007,-3.125e-006
4.328000000e-007,3.671875e-005
4.330000000e-007,0.00019921875
4.332000000e-007,0.0001078125
4.334000000e-007,0.00029921875
4.336000000e-007,0.000184375
4.338000000e-007,0.00020078125
4.340000000e-007,0.000225
4.342000000e-007,0.0005
4.344000000e-007,0.000278125
4.346000000e-007,0.00020078125
4.348000000e-007,-9.375e-006
4.350000000e-007,-0.0004625
4.352000000e-007,-0.0005109375
4.354000000e-007,-0.000409375
4.356000000e-007,-0.00031640625
4.358000000e-007,-5.546875e-005
4.360000000e-007,0.0001046875
4.362000000e-007,-7.8125e-006
4.364000000e-007,0.00016015625
4.366000000e-007,0.00018515625
4.368000000e-007,-0.00014140625
4.370000000e-007,-0.00027109375
4.372000000e-007,-0.00034921875
4.374000000e-007,-4.53125e-005
4.376000000e-007,-0.00015703125
4.378000000e-007,-0.00028515625
4.380000000e-007,-0.0003953125
4.382000000e-007,-0.0002453125
4.384000000e-007,-1.796875e-005
4.386000000e-007,0.0001125
4.388000000e-007,-3.90625e-006
4.390000000e-007,0.000284375
4.392000000e-007,0.000115625
4.394000000e-007,-9.296875e-005
4.396000000e-007,-0.00010234375
4.398000000e-007,9.375e-005
4.400000000e-007,0.00020078125
4.402000000e-007,0.000109375
4.404000000e-007,-7.8125e-007
4.406000000e-007,-9.921875e-005
4.408000000e-007,7.8125e-006
4.410000000e-007,0.0002984375
4.412000000e-007,0.00028359375
4.414000000e-007,-0.00010390625
4.416000000e-007,-0.00010703125
4.418000000e-007,-0.00030234375
4.420000000e-007,-5.859375e-005
4.422000000e-007,0.0004203125
4.424000000e-007,0.00049921875
4.426000000e-007,0.0003609375
4.428000000e-007,-6.875e-005
4.430000000e-007,-7.109375e-005
4.432000000e-007,8.28125e-005
4.434000000e-007,-0.00022109375
4.436000000e-007,-0.0001625
4.438000000e-007,-0.000109375
4.440000000e-007,-0.0003734375
4.442000000e-007,-0.00047265625
4.444000000e-007,-0.0001375
4.446000000e-007,2.5e-005
4.448000000e-007,0.0002046875
4.450000000e-007,9.375e-005
4.452000000e-007,8.75e-005
4.454000000e-007,-0.00011640625
4.456000000e-007,-0.00019453125
4.458000000e-007,1.796875e-005
4.460000000e-007,0.0002015625
4.462000000e-007,9.21875e-005
4.464000000e-007,0.0001046875
4.466000000e-007,-1.09375e-005
4.468000000e-007,-7.265625e-005
4.470000000e-007,0.0002015625
4.472000000e-007,-4.53125e-005
4.474000000e-007,-8.59375e-005
4.476000000e-007,0.0003171875
4.478000000e-007,0.0001984375
4.480000000e-007,9.0625e-005
4.482000000e-007,-0.0001984375
4.484000000e-007,-0.00029609375
4.486000000e-007,-0.0001078125
4.488000000e-007,-0.0001
4.490000000e-007,-0.00029296875
4.492000000e-007,-0.000396875
4.494000000e-007,-0.0005
4.496000000e-007,-0.000409375
4.498000000e-007,-0.0003203125
4.500000000e-007,-0.0001484375
4.502000000e-007,0.00014375
4.504000000e-007,0.0001859375
4.506000000e-007,-0.00027265625
4.508000000e-007,-0.00012109375
4.510000000e-007,-0.00012109375
4.512000000e-007,0.00025546875
4.514000000e-007,0.00033203125
4.516000000e-007,0.00019453125
4.518000000e-007,0.00031171875
4.520000000e-007,2.34375e-005
4.522000000e-007,-3.125e-006
4.524000000e-007,-9.296875e-005
4.526000000e-007,-0.0001046875
4.528000000e-007,-7.8125e-006
4.530000000e-007,0.00029296875
4.532000000e-007,0.0001140625
4.534000000e-007,-0.00015
4.536000000e-007,-0.00050234375
4.538000000e-007,-0.000128125
4.540000000e-007,-2.22346149e-020
4.542000000e-007,0.0001921875
4.544000000e-007,0.000109375
4.546000000e-007,-0.0001
4.548000000e-007,-0.00010859375
4.550000000e-007,-0.0004046875
4.552000000e-007,-9.921875e-005
4.554000000e-007,-0.0004015625
4.556000000e-007,7.8125e-007
4.558000000e-007,-9.609375e-005
4.560000000e-007,-0.0002015625
4.562000000e-007,-0.00019765625
4.564000000e-007,-9.53125e-005
4.566000000e-007,1.5625e-006
4.568000000e-007,9.21875e-005
4.570000000e-007,-0.000303125
4.572000000e-007,-0.000296875
4.574000000e-007,-0.00040078125
4.576000000e-007,-0.0003921875
4.578000000e-007,-9.0625e-005
4.580000000e-007,9.375e-006
4.582000000e-007,0.00020703125
4.584000000e-007,0.0003
4.586000000e-007,0.00029921875
4.588000000e-007,0.00029765625
4.590000000e-007,0.00010078125
4.592000000e-007,7.03125e-006
4.594000000e-007,0.00010078125
4.596000000e-007,-0.000309375
4.598000000e-007,-0.00021875
4.600000000e-007,1.5625e-006
4.602000000e-007,0.0001875
4.604000000e-007,0.0005078125
4.606000000e-007,0.00050625
4.608000000e-007,8.4375e-005
4.610000000e-007,-0.00011328125
4.612000000e-007,9.84375e-005
4.614000000e-007,3.90625e-006
4.616000000e-007,9.453125e-005
4.618000000e-007,1.875e-005
4.620000000e-007,-9.6875e-005
4.622000000e-007,-0.00010078125
4.624000000e-007,-0.00018671875
4.626000000e-007,-0.00040703125
4.628000000e-007,-0.00013359375
4.630000000e-007,-7.65625e-005
4.632000000e-007,-0.00020078125
4.634000000e-007,-0.00011328125
4.636000000e-007,-0.0001
4.638000000e-007,-8.671875e-005
4.640000000e-007,-0.0002796875
4.642000000e-007,-0.0004515625
4.644000000e-007,7.5e-005
4.646000000e-007,0.000121875
4.648000000e-007,9.921875e-005
4.650000000e-007,1.484375e-005
4.652000000e-007,-0.00010625
4.654000000e-007,-0.00028359375
4.656000000e-007,-0.00050625
4.658000000e-007,-0.00059375
4.660000000e-007,-0.00057890625
4.662000000e-007,8.828125e-005
4.664000000e-007,0.00016796875
4.666000000e-007,-0.0001921875
4.668000000e-007,-0.00030625
4.670000000e-007,-0.0003
4.672000000e-007,5.078125e-005
4.674000000e-007,0.0003984375
4.676000000e-007,0.0002625
4.678000000e-007,9.6875e-005
4.680000000e-007,0.0001109375
4.682000000e-007,0.00020390625
4.684000000e-007,0.000340625
4.686000000e-007,0.00050390625
4.688000000e-007,0.0005171875
4.690000000e-007,0.0005796875
4.692000000e-007,7.265625e-005
4.694000000e-007,-0.0003390625
4.696000000e-007,-0.00050546875
4.698000000e-007,-0.0003734375
4.700000000e-007,-0.000296875
4.702000000e-007,-0.00014609375
4.704000000e-007,-6.640625e-005
4.706000000e-007,-0.00040625
4.708000000e-007,-0.00014296875
4.710000000e-007,-9.6875e-005
4.712000000e-007,-0.00013125
4.714000000e-007,-0.00018828125
4.716000000e-007,-0.00011484375
4.718000000e-007,-0.00031015625
4.720000000e-007,-0.0002859375
4.722000000e-007,-0.00018671875
4.724000000e-007,7.421875e-005
4.726000000e-007,0.0003
4.728000000e-007,0.00018828125
4.730000000e-007,0.00010234375
4.732000000e-007,-0.00025078125
4.734000000e-007,-0.000209375
4.736000000e-007,0.0002484375
4.738000000e-007,0.000403125
4.740000000e-007,0.0002859375
4.742000000e-007,0.0001046875
4.744000000e-007,-0.0001046875
4.746000000e-007,-0.00036328125
4.748000000e-007,-0.00050859375
4.750000000e-007,-0.000234375
4.752000000e-007,-0.0001078125
4.754000000e-007,-5.9375e-005
4.756000000e-007,-0.00037890625
4.758000000e-007,-0.00028515625
4.760000000e-007,-3.4375e-005
4.762000000e-007,0.00016015625
4.764000000e-007,0.00021484375
4.766000000e-007,0.00012890625
4.768000000e-007,4.6875e-005
4.770000000e-007,-0.00015078125
4.772000000e-007,-0.00022265625
4.774000000e-007,-1.71875e-005
4.776000000e-007,-1.71875e-005
4.778000000e-007,0.000265625
4.780000000e-007,0.00021640625
4.782000000e-007,0.0001140625
4.784000000e-007,-8.984375e-005
4.786000000e-007,-0.00028828125
4.788000000e-007,-0.00039375
4.790000000e-007,-0.00051328125
4.792000000e-007,-0.00010703125
4.794000000e-007,0.00019453125
4.796000000e-007,0.0003046875
4.798000000e-007,0.00039609375
4.800000000e-007,0.000296875
4.802000000e-007,1.5625e-006
4.804000000e-007,0.000203125
4.806000000e-007,0.0001015625
4.808000000e-007,-0.00022265625
4.810000000e-007,-0.00049609375
4.812000000e-007,4.0625e-005
4.814000000e-007,9.375e-005
4.816000000e-007,-0.0002203125
4.818000000e-007,-0.00017890625
4.820000000e-007,0.0002875
4.822000000e-007,0.0004828125
4.824000000e-007,0.000140625
4.826000000e-007,0.0001171875
4.828000000e-007,0.00017109375
4.830000000e-007,-0.00012578125
4.832000000e-007,-1.953125e-005
4.834000000e-007,5.625e-005
4.836000000e-007,-0.00028359375
4.838000000e-007,0.00025390625
4.840000000e-007,0.0002953125
4.842000000e-007,0.000415625
4.844000000e-007,0.0005203125
4.846000000e-007,0.0006
4.848000000e-007,0.00061171875
4.850000000e-007,0.0004640625
4.852000000e-007,-0.0001421875
4.854000000e-007,-0.0001890625
4.856000000e-007,3.90625e-005
4.858000000e-007,0.0002078125
4.860000000e-007,0.00018671875
4.862000000e-007,9.53125e-005
4.864000000e-007,0.00012109375
4.866000000e-007,8.90625e-005
4.868000000e-007,-0.0003171875
4.870000000e-007,-9.0625e-005
4.872000000e-007,-0.00011171875
4.874000000e-007,-0.00020078125
4.876000000e-007,-0.00019453125
4.878000000e-007,-0.0001
4.880000000e-007,-0.0002078125
4.882000000e-007,-0.00021015625
4.884000000e-007,0.0001
4.886000000e-007,0.00019765625
4.888000000e-007,0.000203125
4.890000000e-007,3.359375e-005
4.892000000e-007,-9.765625e-005
4.894000000e-007,-3.828125e-005
4.896000000e-007,0.0001109375
4.898000000e-007,-7.96875e-005
4.900000000e-007,-6.875e-005
4.902000000e-007,-0.00030625
4.904000000e-007,6.25e-005
4.906000000e-007,9.453125e-005
4.908000000e-007,0.0003640625
4.910000000e-007,0.0004234375
4.912000000e-007,0.000303125
4.914000000e-007,0.00030703125
4.916000000e-007,0.0002015625
4.918000000e-007,0.00021640625
4.920000000e-007,-8.203125e-005
4.922000000e-007,-0.00019140625
4.924000000e-007,-0.0002078125
4.926000000e-007,0.00018203125
4.928000000e-007,0.00010625
4.930000000e-007,0.0001140625
4.932000000e-007,-1.015625e-005
4.934000000e-007,0.00030390625
4.936000000e-007,7.8125e-007
4.938000000e-007,0.000390625
4.940000000e-007,0.0001125
4.942000000e-007,9.296875e-005
4.944000000e-007,-1.328125e-005
4.946000000e-007,-0.000215625
4.948000000e-007,0.00053046875
4.950000000e-007,0.0006140625
4.952000000e-007,0.00039765625
4.954000000e-007,0.00010625
4.956000000e-007,-0.000215625
4.958000000e-007,-0.00019453125
4.960000000e-007,7.03125e-006
4.962000000e-007,-7.8125e-007
4.964000000e-007,-2.22346149e-020
4.966000000e-007,-0.000103125
4.968000000e-007,-0.0003078125
4.970000000e-007,-0.00019609375
4.972000000e-007,-0.0001078125
4.974000000e-007,-0.000403125
4.976000000e-007,-0.0001765625
4.978000000e-007,-0.00010234375
4.980000000e-007,-7.8125e-005
4.982000000e-007,0.000103125
4.984000000e-007,-0.0002
4.986000000e-007,0.00019765625
4.988000000e-007,0.00029375
4.990000000e-007,0.00020078125
4.992000000e-007,9.0625e-005
4.994000000e-007,-0.00028671875
4.996000000e-007,-0.0004015625
4.998000000e-007,-0.0007015625
5.000000000e-007,-0.00028359375
5.002000000e-007,-1.5625e-006
5.004000000e-007,3.125e-006
5.006000000e-007,0.00019453125
5.008000000e-007,1.09375e-005
5.010000000e-007,-0.00029296875
5.012000000e-007,-0.000128125
5.014000000e-007,0.0001859375
5.016000000e-007,0.00027734375
5.018000000e-007,0.0005859375
5.020000000e-007,0.000421875
5.022000000e-007,0.00011640625
5.024000000e-007,9.296875e-005
5.026000000e-007,0.000109375
5.028000000e-007,8.59375e-005
5.030000000e-007,0.00035078125
5.032000000e-007,0.00043671875
5.034000000e-007,9.21875e-005
5.036000000e-007,-0.00020546875
5.038000000e-007,9.140625e-005
5.040000000e-007,-8.59375e-006
5.042000000e-007,0.0004734375
5.044000000e-007,0.0001984375
5.046000000e-007,0.00018359375
5.048000000e-007,8.828125e-005
5.050000000e-007,-0.00019921875
5.052000000e-007,-0.0001
5.054000000e-007,-0.00029296875
5.056000000e-007,-0.00018203125
5.058000000e-007,9.84375e-005
5.060000000e-007,-1.09375e-005
5.062000000e-007,7.8125e-007
5.064000000e-007,-0.000109375
5.066000000e-007,-0.00010078125
5.068000000e-007,-0.0001
5.070000000e-007,-0.0001
5.072000000e-007,-8.515625e-005
5.074000000e-007,-0.000115625
5.076000000e-007,-0.0002484375
5.078000000e-007,0.00030703125
5.080000000e-007,0.0002390625
5.082000000e-007,0.0005921875
5.084000000e-007,0.00031328125
5.086000000e-007,0.00045625
5.088000000e-007,-0.0003015625
5.090000000e-007,-6.953125e-005
5.092000000e-007,-0.00016015625
5.094000000e-007,-0.00015
5.096000000e-007,0.00028515625
5.098000000e-007,0.000134375
5.100000000e-007,-0.00032109375
5.102000000e-007,-0.00035625
5.104000000e-007,-7.34375e-005
5.106000000e-007,-8.203125e-005
5.108000000e-007,0.00016171875
5.110000000e-007,5.78125e-005
5.112000000e-007,-0.00025703125
5.114000000e-007,-0.0002984375
5.116000000e-007,-0.00046171875
5.118000000e-007,-0.0005703125
5.120000000e-007,1.953125e-005
5.122000000e-007,9.609375e-005
5.124000000e-007,1.171875e-005
5.126000000e-007,0.0001015625
5.128000000e-007,3.28125e-005
5.130000000e-007,0.0004
5.132000000e-007,0.0001953125
5.134000000e-007,0.000403125
5.136000000e-007,7.5e-005
5.138000000e-007,9.921875e-005
5.140000000e-007,-1.5625e-006
5.142000000e-007,0.0001703125
5.144000000e-007,0.0002125
5.146000000e-007,4.6875e-006
5.148000000e-007,1.71875e-005
5.150000000e-007,-0.00042890625
5.152000000e-007,-0.00051171875
5.154000000e-007,-0.0005421875
5.156000000e-007,-0.000709375
5.158000000e-007,-0.0004875
5.160000000e-007,-0.00031015625
5.162000000e-007,-0.00023515625
5.164000000e-007,-9.765625e-005
5.166000000e-007,0.00022109375
5.168000000e-007,-0.00014921875
5.170000000e-007,-0.00017109375
5.172000000e-007,-0.00048984375
5.174000000e-007,-1.71875e-005
5.176000000e-007,0.00038203125
5.178000000e-007,0.00067109375
5.180000000e-007,0.000615625
5.182000000e-007,0.00015390625
5.184000000e-007,-0.00028359375
5.186000000e-007,-0.00059296875
5.188000000e-007,-0.00050390625
5.190000000e-007,-0.000303125
5.192000000e-007,-0.00030078125
5.194000000e-007,-0.00039765625
5.196000000e-007,-0.00040078125
5.198000000e-007,-0.00040078125
5.200000000e-007,-0.000190625
5.202000000e-007,-9.921875e-005
5.204000000e-007,-0.00051171875
5.206000000e-007,-0.00028984375
5.208000000e-007,0.0001140625
5.210000000e-007,9.921875e-005
5.212000000e-007,0.000228125
5.214000000e-007,0.0003859375
5.216000000e-007,8.125e-005
5.218000000e-007,0.000196875
5.220000000e-007,-3.671875e-005
5.222000000e-007,1.640625e-005
5.224000000e-007,0.000103125
5.226000000e-007,-1.5625e-005
5.228000000e-007,-0.000103125
5.230000000e-007,-0.00010703125
5.232000000e-007,-0.00021875
5.234000000e-007,-0.00032265625
5.236000000e-007,-0.00036796875
5.238000000e-007,-7.5e-005
5.240000000e-007,1.09375e-005
5.242000000e-007,0.0001078125
5.244000000e-007,7.578125e-005
5.246000000e-007,8.59375e-006
5.248000000e-007,8.203125e-005
5.250000000e-007,-0.000203125
5.252000000e-007,5.234375e-005
5.254000000e-007,0.0002046875
5.256000000e-007,0.0001984375
5.258000000e-007,0.00019921875
5.260000000e-007,5.703125e-005
5.262000000e-007,-0.0002015625
5.264000000e-007,-9.0625e-005
5.266000000e-007,-9.6875e-005
5.268000000e-007,-6.25e-006
5.270000000e-007,-0.00020078125
5.272000000e-007,-9.0625e-005
5.274000000e-007,-2.22346149e-020
5.276000000e-007,0.000109375
5.278000000e-007,0.00030078125
5.280000000e-007,0.0002
5.282000000e-007,0.00030703125
5.284000000e-007,-8.671875e-005
5.286000000e-007,-4.453125e-005
5.288000000e-007,0.00010390625
5.290000000e-007,-5.390625e-005
5.292000000e-007,-8.59375e-005
5.294000000e-007,0.00060625
5.296000000e-007,0.00068515625
5.298000000e-007,0.00090703125
5.300000000e-007,0.0003828125
5.302000000e-007,-1.015625e-005
5.304000000e-007,0.00017421875
5.306000000e-007,0.0003703125
5.308000000e-007,0.00042734375
5.310000000e-007,-6.40625e-005
5.312000000e-007,-9.296875e-005
5.314000000e-007,-0.000453125
5.316000000e-007,-0.0006046875
5.318000000e-007,-0.0004328125
5.320000000e-007,-0.0001125
5.322000000e-007,0.00019140625
5.324000000e-007,0.000109375
5.326000000e-007,-7.265625e-005
5.328000000e-007,-0.00020546875
5.330000000e-007,7.734375e-005
5.332000000e-007,0.00029921875
5.334000000e-007,0.0006015625
5.336000000e-007,0.00031171875
5.338000000e-007,0.0002
5.340000000e-007,-1.40625e-005
5.342000000e-007,-0.00039375
5.344000000e-007,-0.00017890625
5.346000000e-007,0.00010546875
5.348000000e-007,-0.00010078125
5.350000000e-007,-9.6875e-005
5.352000000e-007,-0.00041484375
5.354000000e-007,-0.0002921875
5.356000000e-007,0.00012890625
5.358000000e-007,0.0004
5.360000000e-007,0.0002921875
5.362000000e-007,-3.90625e-006
5.364000000e-007,-0.0002078125
5.366000000e-007,-0.00019765625
5.368000000e-007,-9.375e-005
5.370000000e-007,0.00021171875
5.372000000e-007,0.00028828125
5.374000000e-007,9.84375e-005
5.376000000e-007,7.8125e-005
5.378000000e-007,-0.0003921875
5.380000000e-007,-0.0003921875
5.382000000e-007,-1.5625e-006
5.384000000e-007,-5.46875e-006
5.386000000e-007,-7.8125e-007
5.388000000e-007,0.00010390625
5.390000000e-007,0.0001125
5.392000000e-007,-0.00010078125
5.394000000e-007,-3.125e-006
5.396000000e-007,-0.00010625
5.398000000e-007,-0.0002015625
5.400000000e-007,1.171875e-005
5.402000000e-007,0.000128125
5.404000000e-007,-0.000203125
5.406000000e-007,0.0001828125
5.408000000e-007,1.015625e-005
5.410000000e-007,0.00018125
5.412000000e-007,0.00012265625
5.414000000e-007,-2.22346149e-020
5.416000000e-007,-8.28125e-005
5.418000000e-007,-0.00056171875
5.420000000e-007,-0.0005328125
5.422000000e-007,-0.000246875
5.424000000e-007,7.890625e-005
5.426000000e-007,0.00017578125
5.428000000e-007,0.00025390625
5.430000000e-007,-0.00024609375
5.432000000e-007,-0.00020625
5.434000000e-007,-0.0002984375
5.436000000e-007,-2.65625e-005
5.438000000e-007,0.0002953125
5.440000000e-007,0.00019921875
5.442000000e-007,0.0001203125
5.444000000e-007,-0.0001078125
5.446000000e-007,-0.00019609375
5.448000000e-007,-0.000303125
5.450000000e-007,-0.0003015625
5.452000000e-007,-0.000184375
5.454000000e-007,0.00019296875
5.456000000e-007,0.00029453125
5.458000000e-007,0.0001125
5.460000000e-007,-0.00021875
5.462000000e-007,-0.000103125
5.464000000e-007,0.00010234375
5.466000000e-007,-2.22346149e-020
5.468000000e-007,0.000128125
5.470000000e-007,8.59375e-005
5.472000000e-007,-0.0002171875
5.474000000e-007,-0.00020859375
5.476000000e-007,-0.00037734375
5.478000000e-007,1.875e-005
5.480000000e-007,0.00013359375
5.482000000e-007,0.000275
5.484000000e-007,-0.00015546875
5.486000000e-007,-0.0002359375
5.488000000e-007,-0.00049140625
5.490000000e-007,-0.000171875
5.492000000e-007,-0.0002046875
5.494000000e-007,-7.96875e-005
5.496000000e-007,-0.00016015625
5.498000000e-007,-0.0002875
5.500000000e-007,-5.15625e-005
5.502000000e-007,-0.0001453125
5.504000000e-007,-0.0002859375
5.506000000e-007,-0.000225
5.508000000e-007,-0.0003765625
5.510000000e-007,-9.6875e-005
5.512000000e-007,-0.00020078125
5.514000000e-007,1.5625e-005
5.516000000e-007,0.00013515625
5.518000000e-007,0.00030078125
5.520000000e-007,0.00031875
5.522000000e-007,0.00040234375
5.524000000e-007,7.421875e-005
5.526000000e-007,0.00029375
5.528000000e-007,0.0003984375
5.530000000e-007,0.00030859375
5.532000000e-007,7.1875e-005
5.534000000e-007,-0.000196875
5.536000000e-007,-0.0002
5.538000000e-007,-0.0002703125
5.540000000e-007,-0.000409375
5.542000000e-007,-0.0001984375
5.544000000e-007,-0.000475
5.546000000e-007,-0.0005359375
5.548000000e-007,-0.00024765625
5.550000000e-007,0.00029609375
5.552000000e-007,-2.5e-005
5.554000000e-007,-6.09375e-005
5.556000000e-007,-4.453125e-005
5.558000000e-007,-0.0002546875
5.560000000e-007,-0.000284375
5.562000000e-007,1.640625e-005
5.564000000e-007,-0.000278125
5.566000000e-007,2.265625e-005
5.568000000e-007,2.03125e-005
5.570000000e-007,0.00014609375
5.572000000e-007,0.00038515625
5.574000000e-007,0.0005140625
5.576000000e-007,0.00021640625
5.578000000e-007,-7.5e-005
5.580000000e-007,-0.00029375
5.582000000e-007,-0.00031640625
5.584000000e-007,-5.46875e-006
5.586000000e-007,0.00019609375
5.588000000e-007,0.000196875
5.590000000e-007,-0.00017578125
5.592000000e-007,-0.00029921875
5.594000000e-007,-0.0003
5.596000000e-007,-0.00019609375
5.598000000e-007,-0.00010078125
5.600000000e-007,-0.00010234375
5.602000000e-007,-9.84375e-005
5.604000000e-007,3.90625e-006
5.606000000e-007,-2.22346149e-020
5.608000000e-007,3.90625e-006
5.610000000e-007,0.00011171875
5.612000000e-007,0.00033828125
5.614000000e-007,0.00025
5.616000000e-007,-0.0002625
5.618000000e-007,-0.00029765625
5.620000000e-007,-0.0002734375
5.622000000e-007,-0.000215625
5.624000000e-007,-0.0004234375
5.626000000e-007,-0.00040546875
5.628000000e-007,-0.00034453125
5.630000000e-007,-0.00010859375
5.632000000e-007,-0.0003203125
5.634000000e-007,-0.00019296875
5.636000000e-007,-0.00018125
5.638000000e-007,9.375e-006
5.640000000e-007,-6.25e-006
5.642000000e-007,-7.8125e-007
5.644000000e-007,-0.0001234375
5.646000000e-007,-0.00018125
5.648000000e-007,0.000240625
5.650000000e-007,0.0003203125
5.652000000e-007,0.000490625
5.654000000e-007,7.96875e-005
5.656000000e-007,-0.0001015625
5.658000000e-007,-0.000103125
5.660000000e-007,-6.71875e-005
5.662000000e-007,0.0001984375
5.664000000e-007,7.8125e-007
5.666000000e-007,9.6875e-005
5.668000000e-007,-0.0003
5.670000000e-007,-2.22346149e-020
5.672000000e-007,-0.00040625
5.674000000e-007,-0.00010078125
5.676000000e-007,-0.0004
5.678000000e-007,-1.796875e-005
5.680000000e-007,9.296875e-005
5.682000000e-007,0.00046328125
5.684000000e-007,0.00033125
5.686000000e-007,4.6875e-006
5.688000000e-007,0.000221875
5.690000000e-007,0.00053046875
5.692000000e-007,0.0001921875
5.694000000e-007,-1.640625e-005
5.696000000e-007,0.00010390625
5.698000000e-007,-1.484375e-005
5.700000000e-007,0.00027265625
5.702000000e-007,0.0002953125
5.704000000e-007,0.000484375
5.706000000e-007,0.0004328125
5.708000000e-007,0.0002109375
5.710000000e-007,0.00011640625
5.712000000e-007,-0.00017265625
5.714000000e-007,-0.00042578125
5.716000000e-007,-1.015625e-005
5.718000000e-007,5.46875e-006
5.720000000e-007,9.375e-005
5.722000000e-007,3.046875e-005
5.724000000e-007,-0.0002796875
5.726000000e-007,-0.00041640625
5.728000000e-007,-0.0001015625
5.730000000e-007,-0.0001984375
5.732000000e-007,-0.0001015625
5.734000000e-007,-0.00020078125
5.736000000e-007,-9.84375e-005
5.738000000e-007,-0.00020078125
5.740000000e-007,1.25e-005
5.742000000e-007,0.0002796875
5.744000000e-007,0.00039765625
5.746000000e-007,-0.0002890625
5.748000000e-007,-0.000503125
5.750000000e-007,-0.0003890625
5.752000000e-007,0.00011328125
5.754000000e-007,-7.8125e-007
5.756000000e-007,9.921875e-005
5.758000000e-007,-0.0002046875
5.760000000e-007,-0.00040859375
5.762000000e-007,-0.000396875
5.764000000e-007,-0.00030546875
5.766000000e-007,-0.00049765625
5.768000000e-007,-0.0002984375
5.770000000e-007,-0.00039453125
5.772000000e-007,2.8125e-005
5.774000000e-007,-7.8125e-007
5.776000000e-007,-3.125e-006
5.778000000e-007,-0.00020078125
5.780000000e-007,0.00022890625
5.782000000e-007,0.0003
5.784000000e-007,9.375e-005
5.786000000e-007,-8.828125e-005
5.788000000e-007,-9.84375e-005
5.790000000e-007,0.0002984375
5.792000000e-007,-1.015625e-005
5.794000000e-007,-9.921875e-005
5.796000000e-007,-9.609375e-005
5.798000000e-007,1.171875e-005
5.800000000e-007,-0.00029296875
5.802000000e-007,-0.00031875
5.804000000e-007,-0.00011640625
5.806000000e-007,9.140625e-005
5.808000000e-007,0.00010078125
5.810000000e-007,3.046875e-005
5.812000000e-007,-0.00038359375
5.814000000e-007,-0.00041640625
5.816000000e-007,-0.00031328125
5.818000000e-007,-0.00012890625
5.820000000e-007,7.34375e-005
5.822000000e-007,0.000303125
5.824000000e-007,0.000125
5.826000000e-007,0.0001125
5.828000000e-007,-8.59375e-005
5.830000000e-007,-0.0001234375
5.832000000e-007,8.359375e-005
5.834000000e-007,0.000371875
5.836000000e-007,0.00039921875
5.838000000e-007,0.00031796875
5.840000000e-007,8.828125e-005
5.842000000e-007,-0.000190625
5.844000000e-007,-0.00019609375
5.846000000e-007,-0.0001015625
5.848000000e-007,-0.0001015625
5.850000000e-007,-0.00010078125
5.852000000e-007,-0.0001203125
5.854000000e-007,-0.0003046875
5.856000000e-007,-9.53125e-005
5.858000000e-007,-0.00039765625
5.860000000e-007,-0.000484375
5.862000000e-007,-0.000396875
5.864000000e-007,-0.00059375
5.866000000e-007,-0.0002921875
5.868000000e-007,-0.00029765625
5.870000000e-007,-8.984375e-005
5.872000000e-007,-6.25e-006
5.874000000e-007,1.640625e-005
5.876000000e-007,0.0002
5.878000000e-007,-2.265625e-005
5.880000000e-007,-9.21875e-005
5.882000000e-007,-0.00011875
5.884000000e-007,-0.00016015625
5.886000000e-007,0.0001234375
5.888000000e-007,9.140625e-005
5.890000000e-007,8.75e-005
5.892000000e-007,-2.265625e-005
5.894000000e-007,-0.00013046875
5.896000000e-007,-0.00015234375
5.898000000e-007,0.000115625
5.900000000e-007,0.00013046875
5.902000000e-007,0.0004359375
5.904000000e-007,0.0002921875
5.906000000e-007,-0.00010234375
5.908000000e-007,-1.328125e-005
5.910000000e-007,-0.00019296875
5.912000000e-007,1.71875e-005
5.914000000e-007,-0.0002046875
5.916000000e-007,-0.00018125
5.918000000e-007,-0.000196875
5.920000000e-007,-0.0003953125
5.922000000e-007,-1.015625e-005
5.924000000e-007,0.00020234375
5.926000000e-007,0.00010703125
5.928000000e-007,-1.09375e-005
5.930000000e-007,-9.921875e-005
5.932000000e-007,-9.921875e-005
5.934000000e-007,5.859375e-005
5.936000000e-007,0.0003
5.938000000e-007,0.00012265625
5.940000000e-007,9.765625e-005
5.942000000e-007,-3.828125e-005
5.944000000e-007,-0.0002171875
5.946000000e-007,0.0002265625
5.948000000e-007,0.00028203125
5.950000000e-007,0.000690625
5.952000000e-007,0.000746875
5.954000000e-007,0.00065859375
5.956000000e-007,0.000340625
5.958000000e-007,-3.28125e-005
5.960000000e-007,-0.00021015625
5.962000000e-007,3.4375e-005
5.964000000e-007,0.0002578125
5.966000000e-007,0.0006515625
5.968000000e-007,0.00062890625
5.970000000e-007,0.0002484375
5.972000000e-007,1.5625e-006
5.974000000e-007,-7.1875e-005
5.976000000e-007,-0.00039375
5.978000000e-007,-0.00023046875
5.980000000e-007,0.00019296875
5.982000000e-007,0.00059375
5.984000000e-007,0.00060078125
5.986000000e-007,0.000428125
5.988000000e-007,-2.34375e-006
5.990000000e-007,-0.0002
5.992000000e-007,-9.6875e-005
5.994000000e-007,-1.5625e-006
5.996000000e-007,0.0002078125
5.998000000e-007,0.000196875
6.000000000e-007,-1.015625e-005
6.002000000e-007,0.00010703125
6.004000000e-007,0.00029140625
6.006000000e-007,-1.875e-005
6.008000000e-007,-0.00011015625
6.010000000e-007,-0.0003375
6.012000000e-007,-0.00047109375
6.014000000e-007,-0.00019296875
6.016000000e-007,-0.0003296875
6.018000000e-007,-0.00017109375
6.020000000e-007,0.00018515625
6.022000000e-007,0.00027421875
6.024000000e-007,-3.828125e-005
6.026000000e-007,-0.00013125
6.028000000e-007,-0.000278125
6.030000000e-007,1.640625e-005
6.032000000e-007,9.375e-006
6.034000000e-007,0.000215625
6.036000000e-007,0.00016328125
6.038000000e-007,-0.00011875
6.040000000e-007,-0.00019765625
6.042000000e-007,-0.0002046875
6.044000000e-007,-0.00015546875
6.046000000e-007,0.00035078125
6.048000000e-007,0.0004734375
6.050000000e-007,0.0003
6.052000000e-007,0.00024453125
6.054000000e-007,-0.00030703125
6.056000000e-007,-0.000184375
6.058000000e-007,-0.0001953125
6.060000000e-007,9.375e-006
6.062000000e-007,-0.0001015625
6.064000000e-007,-9.21875e-005
6.066000000e-007,7.8125e-007
6.068000000e-007,-0.00020859375
6.070000000e-007,-0.0001125
6.072000000e-007,0.0002
6.074000000e-007,0.000396875
6.076000000e-007,0.00030859375
6.078000000e-007,0.00018828125
6.080000000e-007,0.0003
6.082000000e-007,6.875e-005
6.084000000e-007,-0.000171875
6.086000000e-007,-0.00035546875
6.088000000e-007,-0.0004953125
6.090000000e-007,-0.0004265625
6.092000000e-007,-0.00022578125
6.094000000e-007,-1.875e-005
6.096000000e-007,3.90625e-006
6.098000000e-007,-6.953125e-005
6.100000000e-007,-0.0003734375
6.102000000e-007,-0.0005734375
6.104000000e-007,-0.00078671875
6.106000000e-007,-0.00072890625
6.108000000e-007,-0.00050625
6.110000000e-007,-0.0004375
6.112000000e-007,8.125e-005
6.114000000e-007,0.0003828125
6.116000000e-007,0.00050625
6.118000000e-007,0.0002234375
6.120000000e-007,0.0002
6.122000000e-007,0.00010703125
6.124000000e-007,0.00019765625
6.126000000e-007,0.0004953125
6.128000000e-007,0.00040390625
6.130000000e-007,0.00040234375
6.132000000e-007,0.000190625
6.134000000e-007,5.46875e-006
6.136000000e-007,-0.00010546875
6.138000000e-007,-0.00011328125
6.140000000e-007,0.00020078125
6.142000000e-007,0.00020078125
6.144000000e-007,7.890625e-005
6.146000000e-007,-0.00019921875
6.148000000e-007,8.59375e-006
6.150000000e-007,-0.000203125
6.152000000e-007,-0.00029296875
6.154000000e-007,-0.0001015625
6.156000000e-007,-0.0004078125
6.158000000e-007,-0.00019765625
6.160000000e-007,-0.00030078125
6.162000000e-007,1.875e-005
6.164000000e-007,0.00018359375
6.166000000e-007,-9.921875e-005
6.168000000e-007,0.0001015625
6.170000000e-007,-0.00019609375
6.172000000e-007,-9.375e-005
6.174000000e-007,9.84375e-005
6.176000000e-007,0.000203125
6.178000000e-007,0.00029921875
6.180000000e-007,0.0003890625
6.182000000e-007,-9.296875e-005
6.184000000e-007,9.921875e-005
6.186000000e-007,-0.00018515625
6.188000000e-007,-0.000190625
6.190000000e-007,9.921875e-005
6.192000000e-007,-0.000103125
6.194000000e-007,8.671875e-005
6.196000000e-007,0.00018984375
6.198000000e-007,0.00060859375
6.200000000e-007,0.00013046875
6.202000000e-007,1.953125e-005
6.204000000e-007,-0.00037421875
6.206000000e-007,-0.00023828125
6.208000000e-007,-5.46875e-006
6.210000000e-007,-6.5625e-005
6.212000000e-007,-0.0003078125
6.214000000e-007,3.984375e-005
6.216000000e-007,0.00028515625
6.218000000e-007,0.00046640625
6.220000000e-007,0.00059296875
6.222000000e-007,0.0004859375
6.224000000e-007,1.484375e-005
6.226000000e-007,8.203125e-005
6.228000000e-007,9.53125e-005
6.230000000e-007,0.00055546875
6.232000000e-007,0.0011
6.234000000e-007,0.0007484375
6.236000000e-007,0.00048671875
6.238000000e-007,-6.015625e-005
6.240000000e-007,-0.00040390625
6.242000000e-007,-0.00021953125
6.244000000e-007,0.0002203125
6.246000000e-007,0.00039921875
6.248000000e-007,0.0004140625
6.250000000e-007,0.000509375
6.252000000e-007,-6.015625e-005
6.254000000e-007,-0.00030078125
6.256000000e-007,-7.734375e-005
6.258000000e-007,9.53125e-005
6.260000000e-007,0.000309375
6.262000000e-007,0.000196875
6.264000000e-007,5.390625e-005
6.266000000e-007,-0.00031015625
6.268000000e-007,-0.000271875
6.270000000e-007,-8.4375e-005
6.272000000e-007,-1.953125e-005
6.274000000e-007,-0.00020625
6.276000000e-007,-4.0625e-005
6.278000000e-007,-3.4375e-005
6.280000000e-007,-0.00014453125
6.282000000e-007,0.00020625
6.284000000e-007,-5.546875e-005
6.286000000e-007,2.109375e-005
6.288000000e-007,0.00014375
6.290000000e-007,0.00018125
6.292000000e-007,0.000121875
6.294000000e-007,2.34375e-005
6.296000000e-007,-0.00046328125
6.298000000e-007,-0.000146875
6.300000000e-007,-7.8125e-007
6.302000000e-007,1.015625e-005
6.304000000e-007,0.0002359375
6.306000000e-007,0.00030078125
6.308000000e-007,0.00028671875
6.310000000e-007,0.00019765625
6.312000000e-007,0.00021171875
6.314000000e-007,0.0001046875
6.316000000e-007,-0.00031796875
6.318000000e-007,-7.8125e-006
6.320000000e-007,0.00011640625
6.322000000e-007,0.00038984375
6.324000000e-007,0.00038515625
6.326000000e-007,0.00020234375
6.328000000e-007,9.53125e-005
6.330000000e-007,-0.0001015625
6.332000000e-007,-2.22346149e-020
6.334000000e-007,-0.00018515625
6.336000000e-007,-0.00011171875
6.338000000e-007,-9.453125e-005
6.340000000e-007,-9.6875e-005
6.342000000e-007,-0.00018515625
6.344000000e-007,-0.00013828125
6.346000000e-007,8.046875e-005
6.348000000e-007,7.96875e-005
6.350000000e-007,0.00032890625
6.352000000e-007,0.000353125
6.354000000e-007,0.0001359375
6.356000000e-007,-0.00046640625
6.358000000e-007,-0.000134375
6.360000000e-007,0.00017734375
6.362000000e-007,0.00039375
6.364000000e-007,0.00029453125
6.366000000e-007,0.00059453125
6.368000000e-007,0.000221875
6.370000000e-007,-6.40625e-005
6.372000000e-007,-0.00057734375
6.374000000e-007,-0.0008140625
6.376000000e-007,-0.00040859375
6.378000000e-007,-7.03125e-006
6.380000000e-007,-1.5625e-006
6.382000000e-007,-0.00019765625
6.384000000e-007,-0.0001
6.386000000e-007,-7.03125e-006
6.388000000e-007,0.000409375
6.390000000e-007,0.0004
6.392000000e-007,0.00040234375
6.394000000e-007,0.00039765625
6.396000000e-007,0.00016875
6.398000000e-007,-9.921875e-005
6.400000000e-007,0.000103125
6.402000000e-007,3.125e-006
6.404000000e-007,7.421875e-005
6.406000000e-007,-0.0002046875
6.408000000e-007,4.765625e-005
6.410000000e-007,9.765625e-005
6.412000000e-007,0.00010234375
6.414000000e-007,0.00022265625
6.416000000e-007,0.00025
6.418000000e-007,-0.00012421875
6.420000000e-007,-5.9375e-005
6.422000000e-007,0.00012109375
6.424000000e-007,0.00020625
6.426000000e-007,0.00019765625
6.428000000e-007,4.6875e-005
6.430000000e-007,-0.00020546875
6.432000000e-007,-7.34375e-005
6.434000000e-007,-0.00011484375
6.436000000e-007,-0.00018203125
6.438000000e-007,0.0001078125
6.440000000e-007,0.00011015625
6.442000000e-007,0.00018671875
6.444000000e-007,-6.25e-006
6.446000000e-007,9.453125e-005
6.448000000e-007,-0.0001109375
6.450000000e-007,-0.00010546875
6.452000000e-007,-0.00028359375
6.454000000e-007,0.00011015625
6.456000000e-007,0.0001046875
6.458000000e-007,0.00019765625
6.460000000e-007,-0.00021796875
6.462000000e-007,-0.00030078125
6.464000000e-007,-0.000290625
6.466000000e-007,-9.21875e-005
6.468000000e-007,-0.0004
6.470000000e-007,-0.00011640625
6.472000000e-007,-0.0001859375
6.474000000e-007,-0.00048203125
6.476000000e-007,-0.00041796875
6.478000000e-007,-0.000159375
6.480000000e-007,0.0001421875
6.482000000e-007,0.00040234375
6.484000000e-007,0.00024609375
6.486000000e-007,5.15625e-005
6.488000000e-007,-0.000371875
6.490000000e-007,-0.00027421875
6.492000000e-007,8.75e-005
6.494000000e-007,1.640625e-005
6.496000000e-007,-7.8125e-007
6.498000000e-007,-0.000146875
6.500000000e-007,-0.00057421875
6.502000000e-007,-0.00061171875
6.504000000e-007,-0.0005953125
6.506000000e-007,-0.00061328125
6.508000000e-007,-0.00031796875
6.510000000e-007,0.00010234375
6.512000000e-007,-0.0001
6.514000000e-007,0.00018828125
6.516000000e-007,-7.578125e-005
6.518000000e-007,-0.000196875
6.520000000e-007,-0.00020078125
6.522000000e-007,-8.75e-005
6.524000000e-007,-0.00048984375
6.526000000e-007,-0.00050078125
6.528000000e-007,-0.0007109375
6.530000000e-007,-0.00081015625
6.532000000e-007,-0.00038203125
6.534000000e-007,-3.359375e-005
6.536000000e-007,0.00050078125
6.538000000e-007,0.0002109375
6.540000000e-007,-0.00031953125
6.542000000e-007,-0.00029375
6.544000000e-007,-9.140625e-005
6.546000000e-007,-2.22346149e-020
6.548000000e-007,-3.125e-006
6.550000000e-007,-0.0001
6.552000000e-007,0.00011953125
6.554000000e-007,0.0003015625
6.556000000e-007,0.00029296875
6.558000000e-007,9.921875e-005
6.560000000e-007,0.00020078125
6.562000000e-007,-9.375e-006
6.564000000e-007,-8.28125e-005
6.566000000e-007,0.0001015625
6.568000000e-007,-0.0001015625
6.570000000e-007,9.921875e-005
6.572000000e-007,9.6875e-005
6.574000000e-007,0.00010078125
6.576000000e-007,-0.00011328125
6.578000000e-007,-0.0004921875
6.580000000e-007,-0.0002984375
6.582000000e-007,3.90625e-006
6.584000000e-007,-8.90625e-005
6.586000000e-007,0.0004953125
6.588000000e-007,8.828125e-005
6.590000000e-007,0.00028203125
6.592000000e-007,0.00020390625
6.594000000e-007,0.00020703125
6.596000000e-007,1.40625e-005
6.598000000e-007,-1.09375e-005
6.600000000e-007,1.71875e-005
6.602000000e-007,-0.000275
6.604000000e-007,-0.0003125
6.606000000e-007,-9.84375e-005
6.608000000e-007,-0.0002078125
6.610000000e-007,7.265625e-005
6.612000000e-007,1.25e-005
6.614000000e-007,7.109375e-005
6.616000000e-007,0.000184375
6.618000000e-007,0.00022890625
6.620000000e-007,8.59375e-006
6.622000000e-007,4.6875e-006
6.624000000e-007,-1.25e-005
6.626000000e-007,0.000446875
6.628000000e-007,0.0003984375
6.630000000e-007,0.0001390625
6.632000000e-007,-0.00021328125
6.634000000e-007,-0.00040234375
6.636000000e-007,-0.0004046875
6.638000000e-007,-0.000509375
6.640000000e-007,-7.734375e-005
6.642000000e-007,0.00019140625
6.644000000e-007,0.000484375
6.646000000e-007,6.25e-006
6.648000000e-007,0.00011015625
6.650000000e-007,-2.22346149e-020
6.652000000e-007,0.000121875
6.654000000e-007,0.00010546875
6.656000000e-007,-0.00022421875
6.658000000e-007,-9.21875e-005
6.660000000e-007,1.640625e-005
6.662000000e-007,0.00021015625
6.664000000e-007,0.0004453125
6.666000000e-007,0.0004875
6.668000000e-007,0.000290625
6.670000000e-007,0.00028203125
6.672000000e-007,-8.90625e-005
6.674000000e-007,-0.0003171875
6.676000000e-007,-0.0002328125
6.678000000e-007,0.0001546875
6.680000000e-007,0.00031953125
6.682000000e-007,0.00027890625
6.684000000e-007,-1.484375e-005
6.686000000e-007,-0.0003140625
6.688000000e-007,-0.0003125
6.690000000e-007,-0.00039609375
6.692000000e-007,-5.78125e-005
6.694000000e-007,0.00017734375
6.696000000e-007,-0.00014296875
6.698000000e-007,-0.00010625
6.700000000e-007,-0.00019296875
6.702000000e-007,1.5625e-005
6.704000000e-007,0.00013515625
6.706000000e-007,0.0003
6.708000000e-007,0.00018046875
6.710000000e-007,-9.53125e-005
6.712000000e-007,-0.0005125
6.714000000e-007,-0.00030078125
6.716000000e-007,-0.00050703125
6.718000000e-007,-0.0003015625
6.720000000e-007,-0.000396875
6.722000000e-007,-1.25e-005
6.724000000e-007,0.0002
6.726000000e-007,0.0001109375
6.728000000e-007,9.765625e-005
6.730000000e-007,0.00011015625
6.732000000e-007,8.59375e-005
6.734000000e-007,0.0003828125
6.736000000e-007,0.000221875
6.738000000e-007,8.125e-005
6.740000000e-007,-0.00028984375
6.742000000e-007,2.34375e-005
6.744000000e-007,-4.921875e-005
6.746000000e-007,1.40625e-005
6.748000000e-007,8.125e-005
6.750000000e-007,-0.00022890625
6.752000000e-007,-0.00039765625
6.754000000e-007,-0.00034296875
6.756000000e-007,-5.9375e-005
6.758000000e-007,0.00035078125
6.760000000e-007,0.0004953125
6.762000000e-007,0.00052578125
6.764000000e-007,0.00012109375
6.766000000e-007,-0.00026640625
6.768000000e-007,-0.0004984375
6.770000000e-007,-0.0004125
6.772000000e-007,-0.0003015625
6.774000000e-007,-0.0002015625
6.776000000e-007,-0.0002
6.778000000e-007,-0.00028046875
6.780000000e-007,-0.00050078125
6.782000000e-007,-0.000209375
6.784000000e-007,0.00010390625
6.786000000e-007,0.00010078125
6.788000000e-007,-0.000121875
6.790000000e-007,-0.00060078125
6.792000000e-007,-0.00050078125
6.794000000e-007,-0.000490625
6.796000000e-007,0.00025078125
6.798000000e-007,0.00027421875
6.800000000e-007,3.125e-006
6.802000000e-007,0.00020078125
6.804000000e-007,-5.15625e-005
6.806000000e-007,-8.90625e-005
6.808000000e-007,2.109375e-005
6.810000000e-007,0.00011484375
6.812000000e-007,3.125e-006
6.814000000e-007,-0.0003984375
6.816000000e-007,-1.5625e-005
6.818000000e-007,-3.671875e-005
6.820000000e-007,-0.00018828125
6.822000000e-007,8.59375e-006
6.824000000e-007,-0.0001359375
6.826000000e-007,-7.1875e-005
6.828000000e-007,0.0002203125
6.830000000e-007,8.75e-005
6.832000000e-007,-8.59375e-006
6.834000000e-007,1.328125e-005
6.836000000e-007,0.0001984375
6.838000000e-007,0.00011171875
6.840000000e-007,0.00031171875
6.842000000e-007,0.0002015625
6.844000000e-007,0.00028125
6.846000000e-007,-0.00010859375
6.848000000e-007,-0.00020234375
6.850000000e-007,-8.4375e-005
6.852000000e-007,0.00031875
6.854000000e-007,0.00029921875
6.856000000e-007,0.00029296875
6.858000000e-007,0.00010078125
6.860000000e-007,0.00032109375
6.862000000e-007,0.000515625
6.864000000e-007,-2.22346149e-020
6.866000000e-007,0.0001
6.868000000e-007,-0.00028203125
6.870000000e-007,-0.00041875
6.872000000e-007,-0.00030859375
6.874000000e-007,-0.000209375
6.876000000e-007,-0.0001375
6.878000000e-007,0.00019921875
6.880000000e-007,0.0004453125
6.882000000e-007,0.000184375
6.884000000e-007,0.00058046875
6.886000000e-007,0.0002640625
6.888000000e-007,0.0002734375
6.890000000e-007,0.00038515625
6.892000000e-007,0.00050078125
6.894000000e-007,0.0003296875
6.896000000e-007,0.00012265625
6.898000000e-007,-0.000171875
6.900000000e-007,-0.0002984375
6.902000000e-007,-0.000221875
6.904000000e-007,-7.8125e-006
6.906000000e-007,0.0001078125
6.908000000e-007,8.59375e-005
6.910000000e-007,0.000421875
6.912000000e-007,-8.046875e-005
6.914000000e-007,3.90625e-006
6.916000000e-007,-0.00029921875
6.918000000e-007,-0.00010703125
6.920000000e-007,-0.00029140625
6.922000000e-007,-0.00030546875
6.924000000e-007,-0.00030390625
6.926000000e-007,-0.0004046875
6.928000000e-007,-0.00019453125
6.930000000e-007,-0.00011875
6.932000000e-007,0.00030078125
6.934000000e-007,0.00020546875
6.936000000e-007,-0.0001265625
6.938000000e-007,-0.00029296875
6.940000000e-007,0.0001109375
6.942000000e-007,-0.00010234375
6.944000000e-007,-9.765625e-005
6.946000000e-007,-0.00010078125
6.948000000e-007,-9.375e-005
6.950000000e-007,-2.22346149e-020
6.952000000e-007,-0.00010234375
6.954000000e-007,8.59375e-006
6.956000000e-007,9.140625e-005
6.958000000e-007,-0.00010390625
6.960000000e-007,-0.000103125
6.962000000e-007,-0.0002
6.964000000e-007,-0.0002015625
6.966000000e-007,-0.00030078125
6.968000000e-007,2.5e-005
6.970000000e-007,0.00019921875
6.972000000e-007,0.0002
6.974000000e-007,0.00011328125
6.976000000e-007,-0.0001
6.978000000e-007,9.21875e-005
6.980000000e-007,0.0002046875
6.982000000e-007,0.000396875
6.984000000e-007,0.00029375
6.986000000e-007,0.00028359375
6.988000000e-007,0.0004046875
6.990000000e-007,4.0625e-005
6.992000000e-007,-0.00010703125
6.994000000e-007,-2.34375e-006
6.996000000e-007,-8.90625e-005
6.998000000e-007,-0.00011171875
7.000000000e-007,8.515625e-005
7.002000000e-007,0.0003015625
7.004000000e-007,0.000125
7.006000000e-007,-6.015625e-005
7.008000000e-007,-0.0002296875
7.010000000e-007,0.000353125
7.012000000e-007,0.00016015625
7.014000000e-007,0.00015234375
7.016000000e-007,0.00029765625
7.018000000e-007,0.0002953125
7.020000000e-007,0.00030546875
7.022000000e-007,0.000184375
7.024000000e-007,0.0004
7.026000000e-007,0.00034375
7.028000000e-007,-1.015625e-005
7.030000000e-007,-0.0001765625
7.032000000e-007,-0.00061171875
7.034000000e-007,-0.0005140625
7.036000000e-007,-0.000175
7.038000000e-007,0.00029296875
7.040000000e-007,0.0004015625
7.042000000e-007,0.00031171875
7.044000000e-007,-5.46875e-006
7.046000000e-007,0.0001984375
7.048000000e-007,9.140625e-005
7.050000000e-007,0.0001015625
7.052000000e-007,1.09375e-005
7.054000000e-007,0.0002015625
7.056000000e-007,0.0002390625
7.058000000e-007,0.0004953125
7.060000000e-007,0.0003359375
7.062000000e-007,0.00069296875
7.064000000e-007,0.000259375
7.066000000e-007,0.000171875
7.068000000e-007,-0.00026484375
7.070000000e-007,-0.000184375
7.072000000e-007,-7.03125e-005
7.074000000e-007,-4.6875e-006
7.076000000e-007,-0.0001421875
7.078000000e-007,-0.00019375
7.080000000e-007,-0.00025390625
7.082000000e-007,-0.00052734375
7.084000000e-007,-0.000453125
7.086000000e-007,-0.0002890625
7.088000000e-007,-0.00030546875
7.090000000e-007,-0.0001671875
7.092000000e-007,2.65625e-005
7.094000000e-007,0.00011328125
7.096000000e-007,0.00032421875
7.098000000e-007,0.00016953125
7.100000000e-007,-0.00014765625
7.102000000e-007,-0.00020234375
7.104000000e-007,-0.00031875
7.106000000e-007,-0.0004
7.108000000e-007,-0.000390625
7.110000000e-007,-0.00039765625
7.112000000e-007,-0.00049296875
7.114000000e-007,-0.00021484375
7.116000000e-007,-0.00010078125
7.118000000e-007,-0.000103125
7.120000000e-007,2.34375e-006
7.122000000e-007,-7.65625e-005
7.124000000e-007,-0.000115625
7.126000000e-007,0.000259375
7.128000000e-007,0.0003140625
7.130000000e-007,0.00012890625
7.132000000e-007,1.015625e-005
7.134000000e-007,-9.84375e-005
7.136000000e-007,-2.578125e-005
7.138000000e-007,7.65625e-005
7.140000000e-007,0.0001703125
7.142000000e-007,0.0002515625
7.144000000e-007,-4.6875e-006
7.146000000e-007,-0.00024609375
7.148000000e-007,-0.00041328125
7.150000000e-007,-8.28125e-005
7.152000000e-007,9.21875e-005
7.154000000e-007,0.000190625
7.156000000e-007,0.000115625
7.158000000e-007,0.00013984375
7.160000000e-007,0.000596875
7.162000000e-007,0.0001703125
7.164000000e-007,-0.0001984375
7.166000000e-007,-0.000196875
7.168000000e-007,-0.000203125
7.170000000e-007,9.6875e-005
7.172000000e-007,7.8125e-007
7.174000000e-007,0.00010546875
7.176000000e-007,-0.00020390625
7.178000000e-007,-0.000209375
7.180000000e-007,0.0003109375
7.182000000e-007,0.0003
7.184000000e-007,0.00019765625
7.186000000e-007,0.00020078125
7.188000000e-007,0.0001828125
7.190000000e-007,-0.00010390625
7.192000000e-007,2.34375e-005
7.194000000e-007,0.0002
7.196000000e-007,0.00023359375
7.198000000e-007,0.00038125
7.200000000e-007,-9.296875e-005
7.202000000e-007,-0.000175
7.204000000e-007,-9.375e-006
7.206000000e-007,-7.734375e-005
7.208000000e-007,0.0002171875
7.210000000e-007,-0.00014375
7.212000000e-007,-0.00028671875
7.214000000e-007,-0.00034375
7.216000000e-007,-0.0005890625
7.218000000e-007,-0.00015703125
7.220000000e-007,2.421875e-005
7.222000000e-007,8.90625e-005
7.224000000e-007,-0.00013359375
7.226000000e-007,-0.00020234375
7.228000000e-007,-0.00019609375
7.230000000e-007,-9.140625e-005
7.232000000e-007,2.34375e-006
7.234000000e-007,0.00013359375
7.236000000e-007,0.00040859375
7.238000000e-007,-3.046875e-005
7.240000000e-007,-0.00026640625
7.242000000e-007,0.00010078125
7.244000000e-007,-0.00011640625
7.246000000e-007,0.000115625
7.248000000e-007,0.00030234375
7.250000000e-007,0.000196875
7.252000000e-007,-7.03125e-006
7.254000000e-007,-2.34375e-006
7.256000000e-007,9.609375e-005
7.258000000e-007,-9.53125e-005
7.260000000e-007,-2.22346149e-020
7.262000000e-007,0.00010390625
7.264000000e-007,7.8125e-007
7.266000000e-007,9.765625e-005
7.268000000e-007,5.46875e-006
7.270000000e-007,2.1875e-005
7.272000000e-007,-0.00012109375
7.274000000e-007,0.0002890625
7.276000000e-007,0.0004515625
7.278000000e-007,0.00015
7.280000000e-007,-8.828125e-005
7.282000000e-007,-0.000109375
7.284000000e-007,-1.640625e-005
7.286000000e-007,0.00016640625
7.288000000e-007,0.000384375
7.290000000e-007,0.0004265625
7.292000000e-007,0.0001234375
7.294000000e-007,8.59375e-006
7.296000000e-007,-9.609375e-005
7.298000000e-007,-8.671875e-005
7.300000000e-007,-0.0002046875
7.302000000e-007,9.6875e-005
7.304000000e-007,-9.84375e-005
7.306000000e-007,0.00010859375
7.308000000e-007,-0.00019375
7.310000000e-007,8.28125e-005
7.312000000e-007,7.8125e-007
7.314000000e-007,9.53125e-005
7.316000000e-007,9.6875e-005
7.318000000e-007,0.0002046875
7.320000000e-007,-0.0001109375
7.322000000e-007,-0.000203125
7.324000000e-007,1.71875e-005
7.326000000e-007,0.00038515625
7.328000000e-007,0.00039921875
7.330000000e-007,0.0002015625
7.332000000e-007,0.000196875
7.334000000e-007,9.921875e-005
7.336000000e-007,9.765625e-005
7.338000000e-007,-7.8125e-007
7.340000000e-007,0.00011015625
7.342000000e-007,0.0002984375
7.344000000e-007,-0.000128125
7.346000000e-007,-0.0001984375
7.348000000e-007,-9.140625e-005
7.350000000e-007,0.000203125
7.352000000e-007,9.609375e-005
7.354000000e-007,9.53125e-005
7.356000000e-007,-9.375e-005
7.358000000e-007,0.0001984375
7.360000000e-007,9.921875e-005
7.362000000e-007,0.00029921875
7.364000000e-007,0.0001875
7.366000000e-007,0.0001
7.368000000e-007,9.921875e-005
7.370000000e-007,1.09375e-005
7.372000000e-007,-0.0002015625
7.374000000e-007,-0.00039765625
7.376000000e-007,-0.00029375
7.378000000e-007,-0.0001015625
7.380000000e-007,-9.765625e-005
7.382000000e-007,8.59375e-006
7.384000000e-007,-0.00019765625
7.386000000e-007,-0.0001859375
7.388000000e-007,-0.00031875
7.390000000e-007,0.0002546875
7.392000000e-007,0.00038984375
7.394000000e-007,0.00052734375
7.396000000e-007,-7.1875e-005
7.398000000e-007,-0.00011875
7.400000000e-007,-0.00010078125
7.402000000e-007,6.171875e-005
7.404000000e-007,0.00028515625
7.406000000e-007,0.00038671875
7.408000000e-007,0.00035546875
7.410000000e-007,-5.625e-005
7.412000000e-007,-1.171875e-005
7.414000000e-007,0.0001484375
7.416000000e-007,0.00049375
7.418000000e-007,0.000328125
7.420000000e-007,0.0004
7.422000000e-007,0.00037109375
7.424000000e-007,-0.00031953125
7.426000000e-007,-0.00040234375
7.428000000e-007,-0.0005015625
7.430000000e-007,-0.0004015625
7.432000000e-007,-0.0003921875
7.434000000e-007,-0.0001046875
7.436000000e-007,1.015625e-005
7.438000000e-007,0.0001015625
7.440000000e-007,-3.90625e-006
7.442000000e-007,9.921875e-005
7.444000000e-007,9.84375e-005
7.446000000e-007,0.0001
7.448000000e-007,0.0001234375
7.450000000e-007,0.00018828125
7.452000000e-007,-0.0001140625
7.454000000e-007,0.00010625
7.456000000e-007,0.0001046875
7.458000000e-007,0.00020234375
7.460000000e-007,0.000215625
7.462000000e-007,0.00028671875
7.464000000e-007,8.28125e-005
7.466000000e-007,-5.3125e-005
7.468000000e-007,-0.000403125
7.470000000e-007,-0.000359375
7.472000000e-007,-0.00066328125
7.474000000e-007,-0.00016796875
7.476000000e-007,-0.000340625
7.478000000e-007,-0.00016171875
7.480000000e-007,-0.00013515625
7.482000000e-007,-0.00016015625
7.484000000e-007,0.00013125
7.486000000e-007,-0.00014609375
7.488000000e-007,-0.0003125
7.490000000e-007,-0.000296875
7.492000000e-007,-0.00014453125
7.494000000e-007,0.0002234375
7.496000000e-007,0.000290625
7.498000000e-007,0.00019765625
7.500000000e-007,8.671875e-005
7.502000000e-007,7.8125e-007
7.504000000e-007,2.421875e-005
7.506000000e-007,0.00029453125
7.508000000e-007,0.0005359375
7.510000000e-007,0.00062109375
7.512000000e-007,6.71875e-005
7.514000000e-007,0.00019296875
7.516000000e-007,0.00029765625
7.518000000e-007,0.00015
7.520000000e-007,-0.000278125
7.522000000e-007,-0.00041171875
7.524000000e-007,-0.00030546875
7.526000000e-007,-0.0002390625
7.528000000e-007,-9.375e-006
7.530000000e-007,-0.000134375
7.532000000e-007,-0.00023046875
7.534000000e-007,-1.40625e-005
7.536000000e-007,-9.140625e-005
7.538000000e-007,1.875e-005
7.540000000e-007,-0.00018515625
7.542000000e-007,-7.8125e-006
7.544000000e-007,-0.00033515625
7.546000000e-007,-0.00036875
7.548000000e-007,-0.0001328125
7.550000000e-007,9.609375e-005
7.552000000e-007,-7.8125e-005
7.554000000e-007,-0.00020546875
7.556000000e-007,-0.0001953125
7.558000000e-007,-0.00031875
7.560000000e-007,-7.03125e-006
7.562000000e-007,-0.0001015625
7.564000000e-007,0.00019453125
7.566000000e-007,0.000209375
7.568000000e-007,-0.00010546875
7.570000000e-007,-0.00028515625
7.572000000e-007,-0.00050078125
7.574000000e-007,-0.00040546875
7.576000000e-007,-8.984375e-005
7.578000000e-007,9.921875e-005
7.580000000e-007,9.609375e-005
7.582000000e-007,-3.125e-006
7.584000000e-007,-0.00010390625
7.586000000e-007,-0.00020703125
7.588000000e-007,-0.00026953125
7.590000000e-007,8.671875e-005
7.592000000e-007,-0.00030625
7.594000000e-007,-6.25e-006
7.596000000e-007,-0.00031171875
7.598000000e-007,2.265625e-005
7.600000000e-007,-1.796875e-005
7.602000000e-007,7.8125e-007
7.604000000e-007,9.375e-006
7.606000000e-007,-1.5625e-005
7.608000000e-007,-8.046875e-005
7.610000000e-007,0.00011171875
7.612000000e-007,0.00010859375
7.614000000e-007,0.00020234375
7.616000000e-007,0.000215625
7.618000000e-007,0.0002921875
7.620000000e-007,5.703125e-005
7.622000000e-007,9.375e-006
7.624000000e-007,0.0002171875
7.626000000e-007,0.0003
7.628000000e-007,0.00015078125
7.630000000e-007,-0.0001015625
7.632000000e-007,0.00016328125
7.634000000e-007,0.00018671875
7.636000000e-007,-0.000128125
7.638000000e-007,8.59375e-006
7.640000000e-007,0.00020078125
7.642000000e-007,9.84375e-005
7.644000000e-007,0.00021484375
7.646000000e-007,0.0003
7.648000000e-007,0.00018828125
7.650000000e-007,7.8125e-007
7.652000000e-007,0.000109375
7.654000000e-007,0.00029375
7.656000000e-007,0.0004
7.658000000e-007,0.0004078125
7.660000000e-007,0.00020078125
7.662000000e-007,0.00031484375
7.664000000e-007,1.71875e-005
7.666000000e-007,2.109375e-005
7.668000000e-007,-0.00014140625
7.670000000e-007,0.000378125
7.672000000e-007,-9.375e-006
7.674000000e-007,-1.875e-005
7.676000000e-007,-0.00017890625
7.678000000e-007,-0.0001234375
7.680000000e-007,-0.00017265625
7.682000000e-007,-0.0003890625
7.684000000e-007,-0.0003171875
7.686000000e-007,-0.00019453125
7.688000000e-007,-0.000371875
7.690000000e-007,-0.00052265625
7.692000000e-007,-0.00029453125
7.694000000e-007,-0.000603125
7.696000000e-007,-0.0001203125
7.698000000e-007,0.00018671875
7.700000000e-007,0.0003046875
7.702000000e-007,3.4375e-005
7.704000000e-007,-1.328125e-005
7.706000000e-007,0.00019765625
7.708000000e-007,0.0001
7.710000000e-007,0.000284375
7.712000000e-007,0.00040390625
7.714000000e-007,0.00020703125
7.716000000e-007,9.296875e-005
7.718000000e-007,-0.00019453125
7.720000000e-007,-9.140625e-005
7.722000000e-007,-3.125e-006
7.724000000e-007,-7.8125e-007
7.726000000e-007,-0.00019765625
7.728000000e-007,-0.0002015625
7.730000000e-007,-0.0001953125
7.732000000e-007,0.0001109375
7.734000000e-007,0.0001
7.736000000e-007,0.00019609375
7.738000000e-007,-0.000103125
7.740000000e-007,-9.140625e-005
7.742000000e-007,-0.00010234375
7.744000000e-007,-0.00019375
7.746000000e-007,0.0001046875
7.748000000e-007,-3.90625e-006
7.750000000e-007,0.00021015625
7.752000000e-007,0.000403125
7.754000000e-007,0.00020703125
7.756000000e-007,6.25e-006
7.758000000e-007,0.00049765625
7.760000000e-007,0.00049765625
7.762000000e-007,0.0006
7.764000000e-007,0.0004921875
7.766000000e-007,0.00021875
7.768000000e-007,-7.8125e-007
7.770000000e-007,-3.125e-006
7.772000000e-007,-7.8125e-006
7.774000000e-007,-0.000203125
7.776000000e-007,0.00010390625
7.778000000e-007,-0.00025390625
7.780000000e-007,-0.0005015625
7.782000000e-007,-0.00040234375
7.784000000e-007,-0.00040859375
7.786000000e-007,-0.00012890625
7.788000000e-007,-7.8125e-005
7.790000000e-007,-0.00029453125
7.792000000e-007,-0.00020625
7.794000000e-007,-0.00027421875
7.796000000e-007,-0.00040703125
7.798000000e-007,-0.0001578125
7.800000000e-007,0.00018046875
7.802000000e-007,0.00021640625
7.804000000e-007,0.0001765625
7.806000000e-007,0.00031484375
7.808000000e-007,2.578125e-005
7.810000000e-007,-0.00020390625
7.812000000e-007,-0.00010546875
7.814000000e-007,-9.53125e-005
7.816000000e-007,-0.0001
7.818000000e-007,-0.000103125
7.820000000e-007,-0.00010234375
7.822000000e-007,-0.000196875
7.824000000e-007,-0.00020078125
7.826000000e-007,-0.00029375
7.828000000e-007,-0.00028515625
7.830000000e-007,9.53125e-005
7.832000000e-007,9.765625e-005
7.834000000e-007,0.00010546875
7.836000000e-007,-0.00010625
7.838000000e-007,9.84375e-005
7.840000000e-007,0.000209375
7.842000000e-007,0.0003
7.844000000e-007,0.00030390625
7.846000000e-007,0.00040625
7.848000000e-007,0.0003671875
7.850000000e-007,9.140625e-005
7.852000000e-007,0.00013671875
7.854000000e-007,0.00018125
7.856000000e-007,-0.0001234375
7.858000000e-007,-0.00010390625
7.860000000e-007,-0.00022265625
7.862000000e-007,-0.000325
7.864000000e-007,-0.00015390625
7.866000000e-007,0.0004140625
7.868000000e-007,0.00016953125
7.870000000e-007,0.0003
7.872000000e-007,0.0001828125
7.874000000e-007,4.296875e-005
7.876000000e-007,-0.000353125
7.878000000e-007,-0.000278125
7.880000000e-007,-0.00016875
7.882000000e-007,-0.0001015625
7.884000000e-007,-0.00025234375
7.886000000e-007,-0.0004015625
7.888000000e-007,-0.00026328125
7.890000000e-007,-0.00021015625
7.892000000e-007,-0.00028046875
7.894000000e-007,5.46875e-006
7.896000000e-007,0.0001109375
7.898000000e-007,0.00010234375
7.900000000e-007,-0.0001125
7.902000000e-007,9.296875e-005
7.904000000e-007,0.0001859375
7.906000000e-007,2.34375e-006
7.908000000e-007,-1.328125e-005
7.910000000e-007,-0.0002953125
7.912000000e-007,-0.0002984375
7.914000000e-007,-0.0003
7.916000000e-007,-0.0001296875
7.918000000e-007,0.0002203125
7.920000000e-007,-0.000184375
7.922000000e-007,0.000121875
7.924000000e-007,0.00020859375
7.926000000e-007,0.000178125
7.928000000e-007,-0.00019375
7.930000000e-007,0.000196875
7.932000000e-007,0.00016328125
7.934000000e-007,0.000146875
7.936000000e-007,0.00019765625
7.938000000e-007,0.00028203125
7.940000000e-007,0.0002234375
7.942000000e-007,6.09375e-005
7.944000000e-007,-0.00012890625
7.946000000e-007,0.00028203125
7.948000000e-007,2.03125e-005
7.950000000e-007,0.00017265625
7.952000000e-007,1.640625e-005
7.954000000e-007,-0.00035234375
7.956000000e-007,-0.0007890625
7.958000000e-007,-0.00081640625
7.960000000e-007,-0.00050703125
7.962000000e-007,-0.00010625
7.964000000e-007,-9.6875e-005
7.966000000e-007,3.125e-006
7.968000000e-007,-0.00020234375
7.970000000e-007,-0.000303125
7.972000000e-007,-9.53125e-005
7.974000000e-007,-7.8125e-007
7.976000000e-007,9.609375e-005
7.978000000e-007,-0.00020703125
7.980000000e-007,-0.0003984375
7.982000000e-007,-0.0003
7.984000000e-007,-0.00028203125
7.986000000e-007,0.00012109375
7.988000000e-007,0.00019140625
7.990000000e-007,7.734375e-005
7.992000000e-007,-0.000134375
7.994000000e-007,-0.0001953125
7.996000000e-007,-5.234375e-005
7.998000000e-007,-1.953125e-005
8.000000000e-007,-0.0002078125
8.002000000e-007,-0.00022578125
8.004000000e-007,-0.0003609375
8.006000000e-007,1.875e-005
8.008000000e-007,-0.00013203125
8.010000000e-007,-9.84375e-005
8.012000000e-007,-8.203125e-005
8.014000000e-007,-7.8125e-006
8.016000000e-007,-8.4375e-005
8.018000000e-007,0.00010078125
8.020000000e-007,-1.5625e-006
8.022000000e-007,-1.171875e-005
8.024000000e-007,-0.0001921875
8.026000000e-007,0.00012578125
8.028000000e-007,4.765625e-005
8.030000000e-007,-9.453125e-005
8.032000000e-007,0.000265625
8.034000000e-007,0.00039375
8.036000000e-007,8.4375e-005
8.038000000e-007,0.00031484375
8.040000000e-007,0.0005078125
8.042000000e-007,0.00039609375
8.044000000e-007,-1.40625e-005
8.046000000e-007,-0.00010078125
8.048000000e-007,-0.00020390625
8.050000000e-007,-0.000109375
8.052000000e-007,0.0001
8.054000000e-007,0.000103125
8.056000000e-007,4.6875e-006
8.058000000e-007,-9.375e-005
8.060000000e-007,-9.84375e-005
8.062000000e-007,-0.00011796875
8.064000000e-007,-1.5625e-006
8.066000000e-007,-4.453125e-005
8.068000000e-007,0.00026640625
8.070000000e-007,0.0001453125
8.072000000e-007,7.5e-005
8.074000000e-007,0.00030546875
8.076000000e-007,0.00018359375
8.078000000e-007,0.00057421875
8.080000000e-007,0.0003328125
8.082000000e-007,0.00027734375
8.084000000e-007,0.00023203125
8.086000000e-007,-0.00017421875
8.088000000e-007,-0.0002
8.090000000e-007,-0.00036171875
8.092000000e-007,-0.0005078125
8.094000000e-007,-0.00011171875
8.096000000e-007,-0.00020390625
8.098000000e-007,0.00017265625
8.100000000e-007,0.0001078125
8.102000000e-007,0.0001953125
8.104000000e-007,0.00010078125
8.106000000e-007,1.328125e-005
8.108000000e-007,-0.00020078125
8.110000000e-007,-4.6875e-006
8.112000000e-007,-0.00021015625
8.114000000e-007,-0.0003953125
8.116000000e-007,-0.00027734375
8.118000000e-007,0.00028828125
8.120000000e-007,0.00030078125
8.122000000e-007,0.000603125
8.124000000e-007,-0.0001609375
8.126000000e-007,-0.00049609375
8.128000000e-007,-0.0002921875
8.130000000e-007,-0.000403125
8.132000000e-007,-0.00038828125
8.134000000e-007,1.5625e-006
8.136000000e-007,-0.0001015625
8.138000000e-007,0.0001015625
8.140000000e-007,9.84375e-005
8.142000000e-007,9.609375e-005
8.144000000e-007,-0.00012578125
8.146000000e-007,-0.0004078125
8.148000000e-007,-0.00048984375
8.150000000e-007,-0.00020703125
8.152000000e-007,0.00010625
8.154000000e-007,0.00019921875
8.156000000e-007,0.00022109375
8.158000000e-007,0.00059921875
8.160000000e-007,0.0003890625
8.162000000e-007,0.00020859375
8.164000000e-007,9.921875e-005
8.166000000e-007,0.00010546875
8.168000000e-007,-0.0001078125
8.170000000e-007,-0.0002921875
8.172000000e-007,-0.00050078125
8.174000000e-007,-0.0003125
8.176000000e-007,-0.00030078125
8.178000000e-007,-0.000284375
8.180000000e-007,-0.00041484375
8.182000000e-007,5.546875e-005
8.184000000e-007,0.0002078125
8.186000000e-007,0.000196875
8.188000000e-007,0.0001171875
8.190000000e-007,-0.00042109375
8.192000000e-007,-0.00081171875
8.194000000e-007,-0.00051640625
8.196000000e-007,-0.00053125
8.198000000e-007,6.015625e-005
8.200000000e-007,-0.00010546875
8.202000000e-007,0.0002828125
8.204000000e-007,-7.8125e-005
8.206000000e-007,5.9375e-005
8.208000000e-007,9.6875e-005
8.210000000e-007,0.0003609375
8.212000000e-007,0.0004
8.214000000e-007,0.00040859375
8.216000000e-007,0.0001875
8.218000000e-007,-9.296875e-005
8.220000000e-007,-0.0001
8.222000000e-007,-0.00019375
8.224000000e-007,-0.00018984375
8.226000000e-007,9.53125e-005
8.228000000e-007,8.59375e-005
8.230000000e-007,-0.0001828125
8.232000000e-007,-0.00061796875
8.234000000e-007,-0.00050078125
8.236000000e-007,-0.00037109375
8.238000000e-007,-3.90625e-006
8.240000000e-007,0.00011796875
8.242000000e-007,0.0001953125
8.244000000e-007,-0.0001765625
8.246000000e-007,-0.000396875
8.248000000e-007,-0.00016796875
8.250000000e-007,-8.59375e-005
8.252000000e-007,0.00010390625
8.254000000e-007,-4.6875e-006
8.256000000e-007,-2.1875e-005
8.258000000e-007,-8.59375e-005
8.260000000e-007,0.00014609375
8.262000000e-007,0.0002125
8.264000000e-007,0.0003234375
8.266000000e-007,0.00027578125
8.268000000e-007,7.03125e-006
8.270000000e-007,-0.000209375
8.272000000e-007,-0.000209375
8.274000000e-007,-0.0003125
8.276000000e-007,-0.000271875
8.278000000e-007,-0.00019921875
8.280000000e-007,-0.00017578125
8.282000000e-007,1.328125e-005
8.284000000e-007,0.00010703125
8.286000000e-007,0.00021796875
8.288000000e-007,0.0002546875
8.290000000e-007,7.8125e-007
8.292000000e-007,0.0002125
8.294000000e-007,-9.53125e-005
8.296000000e-007,-0.00040625
8.298000000e-007,-0.0002046875
8.300000000e-007,-6.953125e-005
8.302000000e-007,0.000203125
8.304000000e-007,-8.59375e-006
8.306000000e-007,0.00010078125
8.308000000e-007,-0.00020625
8.310000000e-007,-0.000221875
8.312000000e-007,-0.00010390625
8.314000000e-007,-0.0001
8.316000000e-007,-9.6875e-005
8.318000000e-007,-0.00011796875
8.320000000e-007,-7.8125e-007
8.322000000e-007,-0.0002015625
8.324000000e-007,-0.0004265625
8.326000000e-007,-8.28125e-005
8.328000000e-007,5.3125e-005
8.330000000e-007,0.00043359375
8.332000000e-007,0.0003609375
8.334000000e-007,0.0003671875
8.336000000e-007,0.0003296875
8.338000000e-007,0.00014609375
8.340000000e-007,5.859375e-005
8.342000000e-007,0.00054765625
8.344000000e-007,0.000515625
8.346000000e-007,0.00043046875
8.348000000e-007,1.5625e-005
8.350000000e-007,-0.00018359375
8.352000000e-007,-0.00030546875
8.354000000e-007,-2.109375e-005
8.356000000e-007,9.84375e-005
8.358000000e-007,0.00019921875
8.360000000e-007,9.765625e-005
8.362000000e-007,-7.8125e-006
8.364000000e-007,-3.125e-006
8.366000000e-007,-0.00030234375
8.368000000e-007,0.0002125
8.370000000e-007,0.0002
8.372000000e-007,9.21875e-005
8.374000000e-007,-0.0001
8.376000000e-007,2.109375e-005
8.378000000e-007,0.00030546875
8.380000000e-007,0.0004015625
8.382000000e-007,0.0004
8.384000000e-007,0.00038984375
8.386000000e-007,0.00015859375
8.388000000e-007,-0.0001171875
8.390000000e-007,1.796875e-005
8.392000000e-007,-6.25e-005
8.394000000e-007,-5.390625e-005
8.396000000e-007,0.0002609375
8.398000000e-007,-0.00033046875
8.400000000e-007,-0.0001375
8.402000000e-007,1.875e-005
8.404000000e-007,9.140625e-005
8.406000000e-007,-5.46875e-006
8.408000000e-007,-4.6875e-006
8.410000000e-007,-0.00011015625
8.412000000e-007,-6.796875e-005
8.414000000e-007,0.00021875
8.416000000e-007,0.0002953125
8.418000000e-007,0.00019375
8.420000000e-007,7.890625e-005
8.422000000e-007,3.125e-006
8.424000000e-007,0.00012578125
8.426000000e-007,8.984375e-005
8.428000000e-007,-0.00011640625
8.430000000e-007,-0.0002046875
8.432000000e-007,-0.000265625
8.434000000e-007,0.000325
8.436000000e-007,0.00061484375
8.438000000e-007,0.00049296875
8.440000000e-007,-0.00022265625
8.442000000e-007,-0.000203125
8.444000000e-007,-0.0002078125
8.446000000e-007,-0.000303125
8.448000000e-007,-2.22346149e-020
8.450000000e-007,0.00029609375
8.452000000e-007,0.00029765625
8.454000000e-007,0.00041640625
8.456000000e-007,0.0001234375
8.458000000e-007,8.59375e-006
8.460000000e-007,-2.734375e-005
8.462000000e-007,0.00026171875
8.464000000e-007,0.000225
8.466000000e-007,0.00020390625
8.468000000e-007,3.125e-005
8.470000000e-007,-0.00012578125
8.472000000e-007,0.0001703125
8.474000000e-007,0.0002171875
8.476000000e-007,0.0001125
8.478000000e-007,-5.46875e-006
8.480000000e-007,1.953125e-005
8.482000000e-007,-0.00036796875
8.484000000e-007,-0.000403125
8.486000000e-007,-0.00041328125
8.488000000e-007,-0.0001140625
8.490000000e-007,0.000271875
8.492000000e-007,0.00031875
8.494000000e-007,-0.00024765625
8.496000000e-007,-0.00031640625
8.498000000e-007,-0.00010234375
8.500000000e-007,-0.00010078125
8.502000000e-007,0.0002796875
8.504000000e-007,0.000309375
8.506000000e-007,9.375e-006
8.508000000e-007,3.125e-006
8.510000000e-007,9.453125e-005
8.512000000e-007,0.00019921875
8.514000000e-007,0.000103125
8.516000000e-007,-2.34375e-006
8.518000000e-007,-0.000396875
8.520000000e-007,-0.00028984375
8.522000000e-007,-0.000196875
8.524000000e-007,7.03125e-006
8.526000000e-007,-0.0001015625
8.528000000e-007,-0.00030625
8.530000000e-007,-0.0004
8.532000000e-007,-0.00029375
8.534000000e-007,-0.000196875
8.536000000e-007,-0.00010234375
8.538000000e-007,-0.0001984375
8.540000000e-007,2.109375e-005
8.542000000e-007,-1.09375e-005
8.544000000e-007,-0.00042109375
8.546000000e-007,-0.0003046875
8.548000000e-007,-0.0001984375
8.550000000e-007,-0.0001015625
8.552000000e-007,0.00012109375
8.554000000e-007,0.0003984375
8.556000000e-007,0.0005
8.558000000e-007,0.00040859375
8.560000000e-007,0.0003
8.562000000e-007,0.0004921875
8.564000000e-007,0.00060234375
8.566000000e-007,0.0006984375
8.568000000e-007,0.000590625
8.570000000e-007,0.000315625
8.572000000e-007,0.00020546875
8.574000000e-007,-6.640625e-005
8.576000000e-007,-0.00021015625
8.578000000e-007,7.109375e-005
8.580000000e-007,0.000121875
8.582000000e-007,-0.00010078125
8.584000000e-007,8.984375e-005
8.586000000e-007,0.00010703125
8.588000000e-007,0.000103125
8.590000000e-007,9.375e-006
8.592000000e-007,7.734375e-005
8.594000000e-007,0.0002875
8.596000000e-007,0.0002921875
8.598000000e-007,0.00045390625
8.600000000e-007,0.000515625
8.602000000e-007,0.00013046875
8.604000000e-007,0.000190625
8.606000000e-007,0.0002046875
8.608000000e-007,0.00030078125
8.610000000e-007,0.00050546875
8.612000000e-007,0.000290625
8.614000000e-007,0.00012421875
8.616000000e-007,-0.00031484375
8.618000000e-007,-0.00039921875
8.620000000e-007,-0.000390625
8.622000000e-007,-8.59375e-006
8.624000000e-007,0.0003359375
8.626000000e-007,0.0005984375
8.628000000e-007,0.00048984375
8.630000000e-007,0.00040078125
8.632000000e-007,7.65625e-005
8.634000000e-007,9.765625e-005
8.636000000e-007,0.00023125
8.638000000e-007,0.00039921875
8.640000000e-007,0.0002859375
8.642000000e-007,0.0001890625
8.644000000e-007,-0.0001546875
8.646000000e-007,-7.1875e-005
8.648000000e-007,0.00034140625
8.650000000e-007,0.000271875
8.652000000e-007,-5.9375e-005
8.654000000e-007,-8.671875e-005
8.656000000e-007,0.00019921875
8.658000000e-007,0.000525
8.660000000e-007,0.000475
8.662000000e-007,0.00037578125
8.664000000e-007,0.0003
8.666000000e-007,-5.46875e-006
8.668000000e-007,-0.000340625
8.670000000e-007,0.00023828125
8.672000000e-007,0.00025703125
8.674000000e-007,0.0005984375
8.676000000e-007,0.0002015625
8.678000000e-007,-1.484375e-005
8.680000000e-007,-8.046875e-005
8.682000000e-007,0.00010859375
8.684000000e-007,0.00010078125
8.686000000e-007,0.00020234375
8.688000000e-007,0.00018515625
8.690000000e-007,1.5625e-006
8.692000000e-007,-9.609375e-005
8.694000000e-007,-1.5625e-006
8.696000000e-007,5.46875e-006
8.698000000e-007,9.921875e-005
8.700000000e-007,-1.953125e-005
8.702000000e-007,-0.0001046875
8.704000000e-007,0.0001
8.706000000e-007,-1.875e-005
8.708000000e-007,0.00020625
8.710000000e-007,-0.00010703125
8.712000000e-007,0.0003640625
8.714000000e-007,0.000290625
8.716000000e-007,-7.5e-005
8.718000000e-007,-0.00035
8.720000000e-007,-0.0004234375
8.722000000e-007,-0.0001984375
8.724000000e-007,7.421875e-005
8.726000000e-007,9.453125e-005
8.728000000e-007,0.000171875
8.730000000e-007,0.00016015625
8.732000000e-007,-8.59375e-005
8.734000000e-007,3.515625e-005
8.736000000e-007,0.00026796875
8.738000000e-007,0.0004234375
8.740000000e-007,0.0001203125
8.742000000e-007,0.00010078125
8.744000000e-007,-8.828125e-005
8.746000000e-007,-0.00028359375
8.748000000e-007,-0.0003125
8.750000000e-007,-3.90625e-006
8.752000000e-007,-0.00010078125
8.754000000e-007,0.00028828125
8.756000000e-007,0.0002984375
8.758000000e-007,0.0001984375
8.760000000e-007,9.765625e-005
8.762000000e-007,-0.00039140625
8.764000000e-007,-0.00039296875
8.766000000e-007,-0.0001015625
8.768000000e-007,-9.375e-006
8.770000000e-007,-0.000303125
8.772000000e-007,-0.00028984375
8.774000000e-007,-9.453125e-005
8.776000000e-007,0.0001109375
8.778000000e-007,0.00020625
8.780000000e-007,0.0003234375
8.782000000e-007,0.000265625
8.784000000e-007,0.00014921875
8.786000000e-007,0.000621875
8.788000000e-007,0.00043203125
8.790000000e-007,0.00029296875
8.792000000e-007,0.00016015625
8.794000000e-007,-0.00013515625
8.796000000e-007,-0.00028671875
8.798000000e-007,-7.65625e-005
8.800000000e-007,3.046875e-005
8.802000000e-007,0.00021484375
8.804000000e-007,0.0001671875
8.806000000e-007,-8.59375e-006
8.808000000e-007,3.125e-006
8.810000000e-007,-0.00011796875
8.812000000e-007,-0.0001796875
8.814000000e-007,0.00010390625
8.816000000e-007,-6.25e-006
8.818000000e-007,0.00010390625
8.820000000e-007,0.00012578125
8.822000000e-007,0.00018671875
8.824000000e-007,-9.6875e-005
8.826000000e-007,0.000203125
8.828000000e-007,9.84375e-005
8.830000000e-007,0.00030703125
8.832000000e-007,0.0002953125
8.834000000e-007,0.00019765625
8.836000000e-007,-0.00011328125
8.838000000e-007,-0.0002015625
8.840000000e-007,-0.0002015625
8.842000000e-007,-0.00029375
8.844000000e-007,-0.0003
8.846000000e-007,-1.015625e-005
8.848000000e-007,4.6875e-006
8.850000000e-007,-7.34375e-005
8.852000000e-007,-0.00028828125
8.854000000e-007,-0.00036953125
8.856000000e-007,-0.00045390625
8.858000000e-007,0.00010703125
8.860000000e-007,8.75e-005
8.862000000e-007,-0.0001890625
8.864000000e-007,-0.00019609375
8.866000000e-007,-0.0002265625
8.868000000e-007,7.03125e-005
8.870000000e-007,0.0001796875
8.872000000e-007,0.000390625
8.874000000e-007,0.00024609375
8.876000000e-007,1.5625e-006
8.878000000e-007,1.875e-005
8.880000000e-007,-0.00037109375
8.882000000e-007,-0.00046171875
8.884000000e-007,0.00018671875
8.886000000e-007,0.00013359375
8.888000000e-007,-9.765625e-005
8.890000000e-007,-0.00016484375
8.892000000e-007,-0.00049609375
8.894000000e-007,-0.00031015625
8.896000000e-007,-0.00030078125
8.898000000e-007,8.59375e-005
8.900000000e-007,7.8125e-006
8.902000000e-007,-8.59375e-006
8.904000000e-007,-7.8125e-006
8.906000000e-007,-0.00048046875
8.908000000e-007,-0.0004734375
8.910000000e-007,0.00018515625
8.912000000e-007,0.0001
8.914000000e-007,0.0002984375
8.916000000e-007,7.578125e-005
8.918000000e-007,-9.84375e-005
8.920000000e-007,0.00011484375
8.922000000e-007,0.0002
8.924000000e-007,0.00019765625
8.926000000e-007,-3.90625e-006
8.928000000e-007,-0.00020078125
8.930000000e-007,-9.921875e-005
8.932000000e-007,-9.296875e-005
8.934000000e-007,0.00020078125
8.936000000e-007,-9.375e-006
8.938000000e-007,0.00010234375
8.940000000e-007,-2.578125e-005
8.942000000e-007,-0.0002
8.944000000e-007,-9.765625e-005
8.946000000e-007,-7.8125e-007
8.948000000e-007,9.84375e-005
8.950000000e-007,-2.22346149e-020
8.952000000e-007,0.0001015625
8.954000000e-007,5.46875e-006
8.956000000e-007,-0.0001015625
8.958000000e-007,-0.00030546875
8.960000000e-007,4.6875e-006
8.962000000e-007,-0.0001
8.964000000e-007,-1.5625e-006
8.966000000e-007,-0.00011875
8.968000000e-007,0.00029296875
8.970000000e-007,0.00013203125
8.972000000e-007,8.359375e-005
8.974000000e-007,0.00029765625
8.976000000e-007,5.078125e-005
8.978000000e-007,-0.00030703125
8.980000000e-007,-1.40625e-005
8.982000000e-007,-0.0001453125
8.984000000e-007,-0.0004203125
8.986000000e-007,-3.359375e-005
8.988000000e-007,-8.984375e-005
8.990000000e-007,5.15625e-005
8.992000000e-007,0.00013828125
8.994000000e-007,-0.0001578125
8.996000000e-007,-0.00020546875
8.998000000e-007,-0.0001828125
9.000000000e-007,-0.00029765625
9.002000000e-007,-0.00022109375
9.004000000e-007,-9.84375e-005
9.006000000e-007,0.0001734375
9.008000000e-007,0.00019453125
9.010000000e-007,1.09375e-005
9.012000000e-007,-0.00010625
9.014000000e-007,-0.00029140625
9.016000000e-007,-0.000284375
9.018000000e-007,9.6875e-005
9.020000000e-007,-1.484375e-005
9.022000000e-007,-2.22346149e-020
9.024000000e-007,-0.00011328125
9.026000000e-007,-0.00019921875
9.028000000e-007,-0.00018515625
9.030000000e-007,-1.5625e-006
9.032000000e-007,-0.000146875
9.034000000e-007,-0.00040390625
9.036000000e-007,-0.000409375
9.038000000e-007,-0.0004984375
9.040000000e-007,-0.0003875
9.042000000e-007,-0.00027265625
9.044000000e-007,0.0002796875
9.046000000e-007,0.0003625
9.048000000e-007,-1.953125e-005
9.050000000e-007,8.125e-005
9.052000000e-007,-5.546875e-005
9.054000000e-007,0.00030625
9.056000000e-007,5.078125e-005
9.058000000e-007,-4.140625e-005
9.060000000e-007,-0.00016328125
9.062000000e-007,-3.125e-005
9.064000000e-007,-0.00031328125
9.066000000e-007,-7.265625e-005
9.068000000e-007,-0.00013828125
9.070000000e-007,-0.00020078125
9.072000000e-007,-0.00020234375
9.074000000e-007,-7.65625e-005
9.076000000e-007,0.0002296875
9.078000000e-007,7.578125e-005
9.080000000e-007,5.78125e-005
9.082000000e-007,0.00040078125
9.084000000e-007,0.00015625
9.086000000e-007,-2.22346149e-020
9.088000000e-007,8.59375e-006
9.090000000e-007,3.125e-006
9.092000000e-007,-8.59375e-005
9.094000000e-007,0.00010390625
9.096000000e-007,-0.00010625
9.098000000e-007,9.609375e-005
9.100000000e-007,-4.6875e-006
9.102000000e-007,-0.00010390625
9.104000000e-007,-9.453125e-005
9.106000000e-007,-0.0002015625
9.108000000e-007,-0.0001046875
9.110000000e-007,-0.0002484375
9.112000000e-007,-0.000403125
9.114000000e-007,-0.00025546875
9.116000000e-007,-0.000109375
9.118000000e-007,-8.984375e-005
9.120000000e-007,-0.0001109375
9.122000000e-007,-2.03125e-005
9.124000000e-007,-4.53125e-005
9.126000000e-007,-0.00020546875
9.128000000e-007,-3.984375e-005
9.130000000e-007,0.00011484375
9.132000000e-007,7.34375e-005
9.134000000e-007,0.00038046875
9.136000000e-007,0.0002203125
9.138000000e-007,0.00019453125
9.140000000e-007,1.71875e-005
9.142000000e-007,-0.00038046875
9.144000000e-007,-0.00040078125
9.146000000e-007,-0.0005
9.148000000e-007,-0.0004015625
9.150000000e-007,-0.0004015625
9.152000000e-007,-0.00029765625
9.154000000e-007,-0.0002125
9.156000000e-007,-0.0001015625
9.158000000e-007,-0.00020234375
9.160000000e-007,0.00011015625
9.162000000e-007,0.0002
9.164000000e-007,9.6875e-005
9.166000000e-007,9.921875e-005
9.168000000e-007,0.00010859375
9.170000000e-007,0.00019765625
9.172000000e-007,-8.59375e-006
9.174000000e-007,0.00011328125
9.176000000e-007,0.00019453125
9.178000000e-007,8.671875e-005
9.180000000e-007,0.0001328125
9.182000000e-007,0.00017890625
9.184000000e-007,-0.00016484375
9.186000000e-007,-7.109375e-005
9.188000000e-007,9.6875e-005
9.190000000e-007,-0.00012109375
9.192000000e-007,-0.00020078125
9.194000000e-007,-0.0003390625
9.196000000e-007,-0.00047578125
9.198000000e-007,-0.00031015625
9.200000000e-007,-0.00050078125
9.202000000e-007,-0.000165625
9.204000000e-007,6.25e-006
9.206000000e-007,0.00011875
9.208000000e-007,0.0004203125
9.210000000e-007,0.0003890625
9.212000000e-007,0.0001640625
9.214000000e-007,-1.484375e-005
9.216000000e-007,5.078125e-005
9.218000000e-007,0.00018671875
9.220000000e-007,-0.0002359375
9.222000000e-007,-9.453125e-005
9.224000000e-007,1.015625e-005
9.226000000e-007,0.0001015625
9.228000000e-007,9.921875e-005
9.230000000e-007,-3.125e-006
9.232000000e-007,-0.0003109375
9.234000000e-007,-0.0003015625
9.236000000e-007,-0.00020078125
9.238000000e-007,-0.00020625
9.240000000e-007,0.0001
9.242000000e-007,0.00020703125
9.244000000e-007,5.46875e-006
9.246000000e-007,7.03125e-006
9.248000000e-007,-0.000178125
9.250000000e-007,-0.00038046875
9.252000000e-007,-0.00035078125
9.254000000e-007,8.359375e-005
9.256000000e-007,0.000346875
9.258000000e-007,2.1875e-005
9.260000000e-007,9.6875e-005
9.262000000e-007,-0.000215625
9.264000000e-007,-0.0005015625
9.266000000e-007,-0.0004046875
9.268000000e-007,-0.0004140625
9.270000000e-007,-0.000121875
9.272000000e-007,-0.00026875
9.274000000e-007,-0.00048828125
9.276000000e-007,-0.000590625
9.278000000e-007,-0.00070703125
9.280000000e-007,-0.00050859375
9.282000000e-007,-0.00031640625
9.284000000e-007,-0.000109375
9.286000000e-007,-7.03125e-005
9.288000000e-007,-0.00029921875
9.290000000e-007,-0.0001109375
9.292000000e-007,-2.34375e-006
9.294000000e-007,0.000678125
9.296000000e-007,0.0005171875
9.298000000e-007,0.0001203125
9.300000000e-007,-0.00020390625
9.302000000e-007,-0.00010390625
9.304000000e-007,-0.00010390625
9.306000000e-007,-1.796875e-005
9.308000000e-007,0.00019921875
9.310000000e-007,-0.00019375
9.312000000e-007,-0.00030078125
9.314000000e-007,-0.00029609375
9.316000000e-007,2.265625e-005
9.318000000e-007,0.0002
9.320000000e-007,9.296875e-005
9.322000000e-007,-0.0001015625
9.324000000e-007,-9.765625e-005
9.326000000e-007,-0.00010078125
9.328000000e-007,-9.921875e-005
9.330000000e-007,-0.0002125
9.332000000e-007,-0.00038828125
9.334000000e-007,8.59375e-006
9.336000000e-007,-1.328125e-005
9.338000000e-007,-3.125e-006
9.340000000e-007,0.0001015625
9.342000000e-007,7.8125e-007
9.344000000e-007,-8.515625e-005
9.346000000e-007,0.0002984375
9.348000000e-007,0.000190625
9.350000000e-007,-7.96875e-005
9.352000000e-007,-0.0003
9.354000000e-007,-7.8125e-006
9.356000000e-007,-7.8125e-007
9.358000000e-007,9.6875e-005
9.360000000e-007,-9.375e-006
9.362000000e-007,-0.00020390625
9.364000000e-007,-6.25e-006
9.366000000e-007,1.484375e-005
9.368000000e-007,-1.640625e-005
9.370000000e-007,0.0002921875
9.372000000e-007,0.00012109375
9.374000000e-007,2.34375e-005
9.376000000e-007,-0.0002953125
9.378000000e-007,-0.00018125
9.380000000e-007,-0.00058203125
9.382000000e-007,-0.00033203125
9.384000000e-007,-0.0003203125
9.386000000e-007,0.00022109375
9.388000000e-007,0.00025390625
9.390000000e-007,2.5e-005
9.392000000e-007,-9.140625e-005
9.394000000e-007,-0.0002015625
9.396000000e-007,-0.00010546875
9.398000000e-007,-0.0001015625
9.400000000e-007,1.5625e-006
9.402000000e-007,0.00026171875
9.404000000e-007,0.0003953125
9.406000000e-007,3.125e-005
9.408000000e-007,-0.00031171875
9.410000000e-007,-0.000409375
9.412000000e-007,-8.359375e-005
9.414000000e-007,9.609375e-005
9.416000000e-007,0.00033125
9.418000000e-007,0.000503125
9.420000000e-007,0.00015078125
9.422000000e-007,-0.0002
9.424000000e-007,-0.00020390625
9.426000000e-007,-0.0002046875
9.428000000e-007,0.0001390625
9.430000000e-007,9.140625e-005
9.432000000e-007,-0.00014765625
9.434000000e-007,-0.0002953125
9.436000000e-007,-6.953125e-005
9.438000000e-007,-0.00010703125
9.440000000e-007,-8.359375e-005
9.442000000e-007,0.0001203125
9.444000000e-007,0.0003484375
9.446000000e-007,0.00025
9.448000000e-007,-0.00013515625
9.450000000e-007,1.5625e-005
9.452000000e-007,2.34375e-006
9.454000000e-007,-3.125e-005
9.456000000e-007,-0.00022734375
9.458000000e-007,-0.00034296875
9.460000000e-007,-0.00045625
9.462000000e-007,-6.09375e-005
9.464000000e-007,-0.000159375
9.466000000e-007,-0.0003140625
9.468000000e-007,-0.00025390625
9.470000000e-007,-0.0001015625
9.472000000e-007,-6.171875e-005
9.474000000e-007,8.4375e-005
9.476000000e-007,-0.00023671875
9.478000000e-007,0.00011171875
9.480000000e-007,0.000265625
9.482000000e-007,-0.00029453125
9.484000000e-007,-0.00049140625
9.486000000e-007,-0.00030703125
9.488000000e-007,-6.25e-005
9.490000000e-007,0.00037734375
9.492000000e-007,0.00059375
9.494000000e-007,0.00030625
9.496000000e-007,9.53125e-005
9.498000000e-007,-0.000190625
9.500000000e-007,-2.265625e-005
9.502000000e-007,0.00019140625
9.504000000e-007,0.0001984375
9.506000000e-007,0.0002171875
9.508000000e-007,2.265625e-005
9.510000000e-007,-0.00011796875
9.512000000e-007,-1.40625e-005
9.514000000e-007,-5.46875e-005
9.516000000e-007,-0.0001875
9.518000000e-007,-0.00023203125
9.520000000e-007,-0.00043359375
9.522000000e-007,-0.00013671875
9.524000000e-007,-0.00027578125
9.526000000e-007,-2.34375e-005
9.528000000e-007,0.0003625
9.530000000e-007,0.0005890625
9.532000000e-007,0.00051171875
9.534000000e-007,0.00035703125
9.536000000e-007,-0.00018515625
9.538000000e-007,-0.0002875
9.540000000e-007,-0.0005875
9.542000000e-007,-0.00053984375
9.544000000e-007,9.140625e-005
9.546000000e-007,0.0002984375
9.548000000e-007,0.000296875
9.550000000e-007,-0.00016875
9.552000000e-007,-0.00040078125
9.554000000e-007,-0.000503125
9.556000000e-007,-9.0625e-005
9.558000000e-007,-9.921875e-005
9.560000000e-007,-0.0003078125
9.562000000e-007,-0.0003984375
9.564000000e-007,-0.0002796875
9.566000000e-007,4.6875e-006
9.568000000e-007,0.00011796875
9.570000000e-007,0.0004140625
9.572000000e-007,0.00035703125
9.574000000e-007,7.5e-005
9.576000000e-007,-7.8125e-007
9.578000000e-007,-2.22346149e-020
9.580000000e-007,9.375e-006
9.582000000e-007,-1.484375e-005
9.584000000e-007,-7.578125e-005
9.586000000e-007,-2.5e-005
9.588000000e-007,-0.00015703125
9.590000000e-007,0.0002078125
9.592000000e-007,-5e-005
9.594000000e-007,8.59375e-006
9.596000000e-007,-1.015625e-005
9.598000000e-007,-0.000115625
9.600000000e-007,-0.0001828125
9.602000000e-007,7.8125e-006
9.604000000e-007,-2.22346149e-020
9.606000000e-007,-7.03125e-006
9.608000000e-007,-0.0002421875
9.610000000e-007,-0.0004078125
9.612000000e-007,-0.00039609375
9.614000000e-007,-0.0004
9.616000000e-007,-0.00039296875
9.618000000e-007,-0.0001890625
9.620000000e-007,0.00012265625
9.622000000e-007,0.00031875
9.624000000e-007,0.0007109375
9.626000000e-007,0.0003953125
9.628000000e-007,-2.5e-005
9.630000000e-007,-0.0004015625
9.632000000e-007,-0.00041015625
9.634000000e-007,-0.00079453125
9.636000000e-007,-0.0006
9.638000000e-007,-0.00051171875
9.640000000e-007,-0.0001109375
9.642000000e-007,-0.00016484375
9.644000000e-007,-0.0002140625
9.646000000e-007,4.84375e-005
9.648000000e-007,0.00032109375
9.650000000e-007,0.0007390625
9.652000000e-007,0.00021796875
9.654000000e-007,6.953125e-005
9.656000000e-007,0.0001171875
9.658000000e-007,-8.28125e-005
9.660000000e-007,-9.53125e-005
9.662000000e-007,-0.00013671875
9.664000000e-007,0.00027578125
9.666000000e-007,0.00015078125
9.668000000e-007,-9.375e-005
9.670000000e-007,-0.0001015625
9.672000000e-007,-0.00018515625
9.674000000e-007,-0.000328125
9.676000000e-007,8.984375e-005
9.678000000e-007,0.00010859375
9.680000000e-007,0.00018984375
9.682000000e-007,0.0001625
9.684000000e-007,-0.000390625
9.686000000e-007,-0.00012109375
9.688000000e-007,-0.0001
9.690000000e-007,0.00018046875
9.692000000e-007,0.000209375
9.694000000e-007,-5.46875e-006
9.696000000e-007,0.00031015625
9.698000000e-007,0.0003015625
9.700000000e-007,0.00041015625
9.702000000e-007,0.0006859375
9.704000000e-007,0.00079921875
9.706000000e-007,0.00051015625
9.708000000e-007,-0.0001390625
9.710000000e-007,-0.00029296875
9.712000000e-007,9.375e-006
9.714000000e-007,-2.22346149e-020
9.716000000e-007,9.84375e-005
9.718000000e-007,-0.00010234375
9.720000000e-007,-0.00010078125
9.722000000e-007,-9.6875e-005
9.724000000e-007,0.00010078125
9.726000000e-007,-3.125e-006
9.728000000e-007,0.00011875
9.730000000e-007,0.0001953125
9.732000000e-007,-0.0001359375
9.734000000e-007,-0.00020625
9.736000000e-007,-3.125e-006
9.738000000e-007,-0.00030078125
9.740000000e-007,0.0001359375
9.742000000e-007,0.00029921875
9.744000000e-007,0.00019921875
9.746000000e-007,0.0002078125
9.748000000e-007,-7.8125e-007
9.750000000e-007,3.125e-006
9.752000000e-007,-0.000209375
9.754000000e-007,-0.00030390625
9.756000000e-007,-0.0001
9.758000000e-007,-0.000290625
9.760000000e-007,-0.00020390625
9.762000000e-007,-0.000275
9.764000000e-007,-0.000409375
9.766000000e-007,-5.234375e-005
9.768000000e-007,0.0003765625
9.770000000e-007,0.0004203125
9.772000000e-007,0.0001203125
9.774000000e-007,-0.0001796875
9.776000000e-007,-0.00028671875
9.778000000e-007,-0.00040546875
9.780000000e-007,-0.00022421875
9.782000000e-007,-0.00010625
9.784000000e-007,3.4375e-005
9.786000000e-007,0.0003359375
9.788000000e-007,-8.359375e-005
9.790000000e-007,6.640625e-005
9.792000000e-007,9.53125e-005
9.794000000e-007,0.00044609375
9.796000000e-007,0.00049921875
9.798000000e-007,0.0003484375
9.800000000e-007,-0.0001140625
9.802000000e-007,-0.00020625
9.804000000e-007,-0.00020390625
9.806000000e-007,-0.0003
9.808000000e-007,-0.00019296875
9.810000000e-007,-0.000103125
9.812000000e-007,-1.015625e-005
9.814000000e-007,-0.000109375
9.816000000e-007,0.00020859375
9.818000000e-007,-9.6875e-005
9.820000000e-007,-0.00019375
9.822000000e-007,-0.00010234375
9.824000000e-007,2.890625e-005
9.826000000e-007,9.0625e-005
9.828000000e-007,-9.0625e-005
9.830000000e-007,9.6875e-005
9.832000000e-007,-0.000103125
9.834000000e-007,0.00010234375
9.836000000e-007,-2.22346149e-020
9.838000000e-007,9.6875e-005
9.840000000e-007,1.5625e-006
9.842000000e-007,9.921875e-005
9.844000000e-007,-3.828125e-005
9.846000000e-007,-0.0001078125
9.848000000e-007,-0.0002671875
9.850000000e-007,-0.0003796875
9.852000000e-007,-0.0001546875
9.854000000e-007,-0.00021640625
9.856000000e-007,2.34375e-005
9.858000000e-007,0.00039375
9.860000000e-007,0.0001859375
9.862000000e-007,0.000278125
9.864000000e-007,0.0001234375
9.866000000e-007,0.0002828125
9.868000000e-007,6.25e-006
9.870000000e-007,0.00042890625
9.872000000e-007,0.00051015625
9.874000000e-007,0.00049296875
9.876000000e-007,4.296875e-005
9.878000000e-007,-0.00019921875
9.880000000e-007,-0.00015234375
9.882000000e-007,0.00019765625
9.884000000e-007,9.6875e-005
9.886000000e-007,0.0002921875
9.888000000e-007,0.00029921875
9.890000000e-007,0.00039765625
9.892000000e-007,0.000396875
9.894000000e-007,0.000225
9.896000000e-007,1.71875e-005
9.898000000e-007,-0.00027265625
9.900000000e-007,-0.00031328125
9.902000000e-007,-0.000125
9.904000000e-007,-9.6875e-005
9.906000000e-007,-0.00010234375
9.908000000e-007,-4.296875e-005
9.910000000e-007,0.000265625
9.912000000e-007,0.0001640625
9.914000000e-007,7.03125e-006
9.916000000e-007,-4.6875e-005
9.918000000e-007,-0.00025546875
9.920000000e-007,-0.0003171875
9.922000000e-007,-0.0001453125
9.924000000e-007,-7.03125e-006
9.926000000e-007,-6.171875e-005
9.928000000e-007,-0.00029375
9.930000000e-007,-0.00020546875
9.932000000e-007,-0.000296875
9.934000000e-007,-0.00028671875
9.936000000e-007,-0.00049765625
9.938000000e-007,-0.00032109375
9.940000000e-007,-0.00010390625
9.942000000e-007,0.0001921875
9.944000000e-007,0.0003015625
9.946000000e-007,0.00013828125
9.948000000e-007,-0.0003
9.950000000e-007,-0.00010234375
9.952000000e-007,-9.84375e-005
9.954000000e-007,7.8125e-007
9.956000000e-007,-0.00031015625
9.958000000e-007,-0.00019453125
9.960000000e-007,6.25e-006
9.962000000e-007,-7.8125e-007
9.964000000e-007,0.0001203125
9.966000000e-007,0.0001828125
9.968000000e-007,-0.0002796875
9.970000000e-007,-0.0005109375
9.972000000e-007,-0.0004671875
9.974000000e-007,-0.00016796875
9.976000000e-007,1.640625e-005
9.978000000e-007,0.0001265625
9.980000000e-007,0.00010859375
9.982000000e-007,-0.00041640625
9.984000000e-007,-0.0002859375
9.986000000e-007,-0.0002671875
9.988000000e-007,1.796875e-005
9.990000000e-007,-9.609375e-005
9.992000000e-007,-1.484375e-005
9.994000000e-007,-0.000203125
9.996000000e-007,-9.453125e-005
9.998000000e-007,-0.00032578125
1.000000000e-006,-0.00049609375
1.000200000e-006,-0.0002859375
1.000400000e-006,-5.625e-005
1.000600000e-006,0.00021640625
1.000800000e-006,0.0001765625
1.001000000e-006,-1.171875e-005
1.001200000e-006,-0.00021640625
1.001400000e-006,-0.0001984375
1.001600000e-006,-7.421875e-005
1.001800000e-006,0.00010234375
1.002000000e-006,0.00011015625
1.002200000e-006,0.00019765625
1.002400000e-006,-0.000109375
1.002600000e-006,-0.00010078125
1.002800000e-006,-0.000309375
1.003000000e-006,-0.0003046875
1.003200000e-006,-0.0002
1.003400000e-006,-0.0001953125
1.003600000e-006,-0.000390625
1.003800000e-006,-0.0005875
1.004000000e-006,-0.0005171875
1.004200000e-006,-0.00018828125
1.004400000e-006,0.00017109375
1.004600000e-006,0.0002546875
1.004800000e-006,0.00049375
1.005000000e-006,0.00026015625
1.005200000e-006,1.25e-005
1.005400000e-006,-2.8125e-005
1.005600000e-006,0.000265625
1.005800000e-006,0.00040859375
1.006000000e-006,0.0003078125
1.006200000e-006,0.000228125
1.006400000e-006,-7.8125e-007
1.006600000e-006,0.00011640625
1.006800000e-006,-0.00028125
1.007000000e-006,-0.00015390625
1.007200000e-006,0.00019375
1.007400000e-006,0.00028359375
1.007600000e-006,0.00040859375
1.007800000e-006,2.109375e-005
1.008000000e-006,9.609375e-005
1.008200000e-006,-8.4375e-005
1.008400000e-006,-2.34375e-006
1.008600000e-006,0.00029765625
1.008800000e-006,0.00011015625
1.009000000e-006,-9.0625e-005
1.009200000e-006,-0.00030546875
1.009400000e-006,-0.00030546875
1.009600000e-006,-8.984375e-005
1.009800000e-006,9.21875e-005
1.010000000e-006,9.84375e-005
1.010200000e-006,-0.00019375
1.010400000e-006,-0.000403125
1.010600000e-006,-0.00029609375
1.010800000e-006,-0.00031328125
1.011000000e-006,-0.00039921875
1.011200000e-006,-0.0002015625
1.011400000e-006,-0.00040078125
1.011600000e-006,-7.109375e-005
1.011800000e-006,0.00010078125
1.012000000e-006,9.765625e-005
1.012200000e-006,-3.90625e-006
1.012400000e-006,-0.00011015625
1.012600000e-006,-0.0002015625
1.012800000e-006,-7.1875e-005
1.013000000e-006,0.0001984375
1.013200000e-006,9.84375e-005
1.013400000e-006,0.0001
1.013600000e-006,0.0001140625
1.013800000e-006,0.00030078125
1.014000000e-006,-0.0001109375
1.014200000e-006,-1.796875e-005
1.014400000e-006,9.921875e-005
1.014600000e-006,-9.765625e-005
1.014800000e-006,3.125e-006
1.015000000e-006,-9.375e-005
1.015200000e-006,-0.00019609375
1.015400000e-006,8.125e-005
1.015600000e-006,0.00010234375
1.015800000e-006,1.640625e-005
1.016000000e-006,-0.00010546875
1.016200000e-006,1.40625e-005
1.016400000e-006,-0.0002078125
1.016600000e-006,9.765625e-005
1.016800000e-006,-0.000278125
1.017000000e-006,-0.00031015625
1.017200000e-006,-0.0003875
1.017400000e-006,-0.0004015625
1.017600000e-006,-0.00033125
1.017800000e-006,0.00012890625
1.018000000e-006,0.000309375
1.018200000e-006,0.0001671875
1.018400000e-006,-0.0001890625
1.018600000e-006,-0.00018046875
1.018800000e-006,-0.000396875
1.019000000e-006,-0.00013671875
1.019200000e-006,-9.921875e-005
1.019400000e-006,0.00017578125
1.019600000e-006,8.984375e-005
1.019800000e-006,-0.0001015625
1.020000000e-006,-0.0001109375
1.020200000e-006,-0.0004953125
1.020400000e-006,-0.0002875
1.020600000e-006,-0.00020390625
1.020800000e-006,1.640625e-005
1.021000000e-006,-8.984375e-005
1.021200000e-006,-0.00030390625
1.021400000e-006,-0.00029921875
1.021600000e-006,-0.00049765625
1.021800000e-006,-0.00020390625
1.022000000e-006,-7.578125e-005
1.022200000e-006,0.0001
1.022400000e-006,-6.25e-006
1.022600000e-006,-0.00011796875
1.022800000e-006,-0.00052109375
1.023000000e-006,-0.0002921875
1.023200000e-006,-0.00028359375
1.023400000e-006,-0.000221875
1.023600000e-006,-0.000521875
1.023800000e-006,-0.00027109375
1.024000000e-006,-1.40625e-005
1.024200000e-006,0.00018359375
1.024400000e-006,-1.5625e-005
1.024600000e-006,0.0001046875
1.024800000e-006,-5.9375e-005
1.025000000e-006,-0.00021875
1.025200000e-006,-0.00014375
1.025400000e-006,0.000125
1.025600000e-006,5.078125e-005
1.025800000e-006,-0.00011875
1.026000000e-006,-0.0002234375
1.026200000e-006,-0.00030078125
1.026400000e-006,-0.00014453125
1.026600000e-006,0.00010546875
1.026800000e-006,0.000125
1.027000000e-006,0.0003
1.027200000e-006,0.000196875
1.027400000e-006,0.0002015625
1.027600000e-006,-0.00014765625
1.027800000e-006,-0.00010703125
1.028000000e-006,0.000109375
1.028200000e-006,9.609375e-005
1.028400000e-006,0.000196875
1.028600000e-006,2.34375e-006
1.028800000e-006,-3.125e-006
1.029000000e-006,-0.0003625
1.029200000e-006,-0.000409375
1.029400000e-006,-0.00031484375
1.029600000e-006,-0.00020625
1.029800000e-006,-0.000196875
1.030000000e-006,-0.0001984375
1.030200000e-006,-0.0002125
1.030400000e-006,-0.00011640625
1.030600000e-006,-5.078125e-005
1.030800000e-006,0.000121875
1.031000000e-006,-0.00016640625
1.031200000e-006,4.84375e-005
1.031400000e-006,0.00033515625
1.031600000e-006,0.00011875
1.031800000e-006,0.00017578125
1.032000000e-006,0.00019453125
1.032200000e-006,0.000303125
1.032400000e-006,0.00011953125
1.032600000e-006,8.046875e-005
1.032800000e-006,0.000109375
1.033000000e-006,-0.00026484375
1.033200000e-006,-0.0004890625
1.033400000e-006,-0.00079296875
1.033600000e-006,-0.00070234375
1.033800000e-006,-0.00060703125
1.034000000e-006,-0.00029453125
1.034200000e-006,-0.00029375
1.034400000e-006,-0.00040234375
1.034600000e-006,-0.0006984375
1.034800000e-006,-0.000596875
1.035000000e-006,-0.00060078125
1.035200000e-006,-0.00038671875
1.035400000e-006,-0.00019765625
1.035600000e-006,-0.0002015625
1.035800000e-006,-9.53125e-005
1.036000000e-006,0.0001296875
1.036200000e-006,0.0004
1.036400000e-006,0.0003140625
1.036600000e-006,0.00049140625
1.036800000e-006,0.000284375
1.037000000e-006,0.0002796875
1.037200000e-006,-5.46875e-005
1.037400000e-006,0.0001390625
1.037600000e-006,0.00024375
1.037800000e-006,-0.0002296875
1.038000000e-006,-0.00015078125
1.038200000e-006,-0.000128125
1.038400000e-006,-0.0003015625
1.038600000e-006,-7.8125e-005
1.038800000e-006,2.03125e-005
1.039000000e-006,0.00021953125
1.039200000e-006,0.0004375
1.039400000e-006,0.00060546875
1.039600000e-006,0.00047265625
1.039800000e-006,0.00030546875
1.040000000e-006,0.0005125
1.040200000e-006,0.00026015625
1.040400000e-006,-4.21875e-005
1.040600000e-006,-9.6875e-005
1.040800000e-006,-0.0001203125
1.041000000e-006,-0.000196875
1.041200000e-006,0.00014765625
1.041400000e-006,0.0001859375
1.041600000e-006,-9.6875e-005
1.041800000e-006,-3.90625e-006
1.042000000e-006,-0.00062109375
1.042200000e-006,-0.00050234375
1.042400000e-006,-0.00028984375
1.042600000e-006,-1.015625e-005
1.042800000e-006,0.0002
1.043000000e-006,0.00038671875
1.043200000e-006,0.0004125
1.043400000e-006,-4.921875e-005
1.043600000e-006,-0.00010703125
1.043800000e-006,-4.453125e-005
1.044000000e-006,0.00038203125
1.044200000e-006,0.00091171875
1.044400000e-006,0.00057890625
1.044600000e-006,0.000421875
1.044800000e-006,4.921875e-005
1.045000000e-006,-0.00019921875
1.045200000e-006,-0.00011796875
1.045400000e-006,6.71875e-005
1.045600000e-006,0.00028515625
1.045800000e-006,0.00032109375
1.046000000e-006,0.00011171875
1.046200000e-006,2.8125e-005
1.046400000e-006,-0.00029140625
1.046600000e-006,-0.0001296875
1.046800000e-006,-4.6875e-006
1.047000000e-006,0.000184375
1.047200000e-006,0.00029296875
1.047400000e-006,0.00040625
1.047600000e-006,0.000215625
1.047800000e-006,9.6875e-005
1.048000000e-006,0.0001984375
1.048200000e-006,0.00029453125
1.048400000e-006,0.00039609375
1.048600000e-006,0.00049453125
1.048800000e-006,0.0004953125
1.049000000e-006,0.00021640625
1.049200000e-006,-0.000109375
1.049400000e-006,-0.00019453125
1.049600000e-006,-0.00019921875
1.049800000e-006,-2.22346149e-020
1.050000000e-006,-9.375e-005
1.050200000e-006,0.000203125
1.050400000e-006,8.515625e-005
1.050600000e-006,-0.0001015625
1.050800000e-006,-0.0001953125
1.051000000e-006,-0.00010390625
1.051200000e-006,-0.0005
1.051400000e-006,-9.6875e-005
1.051600000e-006,-0.0001984375
1.051800000e-006,-3.90625e-006
1.052000000e-006,-0.0003046875
1.052200000e-006,7.8125e-006
1.052400000e-006,-6.25e-006
1.052600000e-006,9.609375e-005
1.052800000e-006,0.000309375
1.053000000e-006,0.00059921875
1.053200000e-006,0.00041796875
1.053400000e-006,0.0008015625
1.053600000e-006,-2.03125e-005
1.053800000e-006,8.359375e-005
1.054000000e-006,0.0001
1.054200000e-006,0.000190625
1.054400000e-006,0.0002953125
1.054600000e-006,-8.828125e-005
1.054800000e-006,-0.00019140625
1.055000000e-006,0.00010234375
1.055200000e-006,-9.765625e-005
1.055400000e-006,1.484375e-005
1.055600000e-006,-0.0003796875
1.055800000e-006,-0.000396875
1.056000000e-006,-0.0005109375
1.056200000e-006,-0.0001359375
1.056400000e-006,-8.984375e-005
1.056600000e-006,-0.000278125
1.056800000e-006,-0.00040078125
1.057000000e-006,-0.00031328125
1.057200000e-006,-0.00014296875
1.057400000e-006,0.00036484375
1.057600000e-006,0.000175
1.057800000e-006,-0.00014296875
1.058000000e-006,-0.00039609375
1.058200000e-006,-0.00022890625
1.058400000e-006,-0.00011171875
1.058600000e-006,0.0002515625
1.058800000e-006,0.00029921875
1.059000000e-006,0.00021015625
1.059200000e-006,9.375e-005
1.059400000e-006,-8.984375e-005
1.059600000e-006,-0.000203125
1.059800000e-006,-0.00020703125
1.060000000e-006,9.375e-006
1.060200000e-006,0.00028671875
1.060400000e-006,0.000796875
1.060600000e-006,0.000125
1.060800000e-006,-0.00033828125
1.061000000e-006,-0.00060078125
1.061200000e-006,-0.0002765625
1.061400000e-006,-0.00011015625
1.061600000e-006,0.00057890625
1.061800000e-006,0.00047890625
1.062000000e-006,5.625e-005
1.062200000e-006,-7.8125e-007
1.062400000e-006,2.1875e-005
1.062600000e-006,0.000209375
1.062800000e-006,0.00032734375
1.063000000e-006,0.00050078125
1.063200000e-006,0.00036640625
1.063400000e-006,0.00016015625
1.063600000e-006,-0.00013359375
1.063800000e-006,-0.0001
1.064000000e-006,-6.25e-005
1.064200000e-006,0.00010546875
1.064400000e-006,-5.78125e-005
1.064600000e-006,-0.00022109375
1.064800000e-006,-0.00013828125
1.065000000e-006,-3.359375e-005
1.065200000e-006,-0.0003515625
1.065400000e-006,-0.0001640625
1.065600000e-006,4.375e-005
1.065800000e-006,8.90625e-005
1.066000000e-006,1.09375e-005
1.066200000e-006,9.21875e-005
1.066400000e-006,2.65625e-005
1.066600000e-006,0.0003
1.066800000e-006,5.234375e-005
1.067000000e-006,-0.00019921875
1.067200000e-006,-0.00031328125
1.067400000e-006,-0.00030390625
1.067600000e-006,-0.00020234375
1.067800000e-006,-0.00021171875
1.068000000e-006,0.0001203125
1.068200000e-006,0.00010078125
1.068400000e-006,0.0002015625
1.068600000e-006,0.000125
1.068800000e-006,-8.359375e-005
1.069000000e-006,-0.00021875
1.069200000e-006,7.65625e-005
1.069400000e-006,0.00013984375
1.069600000e-006,-0.00016171875
1.069800000e-006,-0.00050625
1.070000000e-006,-0.00020859375
1.070200000e-006,0.00031171875
1.070400000e-006,0.000490625
1.070600000e-006,0.00054609375
1.070800000e-006,0.00062421875
1.071000000e-006,-3.4375e-005
1.071200000e-006,-0.00031796875
1.071400000e-006,-0.0002734375
